-0.124662 0.248698
-0.11226 0.124472
-0.10605 0.0622647
-0.102942 0.0311392
-0.101388 0.0155713
-0.100611 0.00778606
-0.100222 0.00389313
-0.100028 0.00194655
-0.0999306 0.000973299
-0.099882 0.000486636
-0.0998577 0.000243342
-0.0998456 0.000121695
-0.0998395 6.07966e-05
-0.0998365 3.04222e-05
-0.0998349 1.51976e-05
-0.0998342 7.58535e-06
-0.0998338 3.77921e-06
-0.0998336 1.91346e-06
-0.0998335 9.43264e-07
-0.0998335 4.95483e-07
-0.0998334 2.71593e-07
-0.0998334 1.22333e-07
-0.0998334 1.22333e-07
-0.0998334 1.22333e-07
-0.0998334 1.96963e-07
-0.0998335 3.46223e-07
-0.0998335 7.19374e-07
-0.0998336 1.46567e-06
-0.0998337 2.95828e-06
-0.099834 5.86885e-06
-0.0998346 1.17646e-05
-0.0998358 2.38547e-05
-0.0998382 4.75871e-05
-0.0998428 9.37085e-05
