0 0 -0.0004
0 1 0.0004
0 2 -0.0004
0 3 0.0004
0 4 -0.0004
0 5 -0.0004
0 6 -0.0004
0 7 0.0004
0 8 0.0004
0 9 -0.0004
0 10 0.0004
0 11 -0.0004
0 12 -0.0004
0 13 -0.0004
0 14 0.0004
0 15 0.0004
0 16 -0.0004
0 17 -0.0004
0 18 0.0004
0 19 0.0004
0 20 -0.0004
0 21 0.0004
0 22 0.0004
0 23 -0.0004
0 24 -0.0004
0 25 0.0004
0 26 0.0004
0 27 -0.0004
0 28 -0.0004
0 29 0.0004
0 30 -0.0004
0 31 -0.0004
0 32 -0.0004
0 33 0.0004
0 34 -0.0004
0 35 -0.0004
0 36 0.0004
0 37 -0.0004
0 38 -0.0004
0 39 -0.0004
0 40 -0.0004
0 41 0.0004
0 42 -0.0004
0 43 0.0004
0 44 -0.0004
0 45 -0.0004
0 46 0.0004
0 47 0.0004
0 48 -0.0004
0 49 -0.0004
1 0 0.0004
1 1 0.0004
1 2 0.0004
1 3 0.0004
1 4 -0.0004
1 5 -0.0004
1 6 0.0004
1 7 0.0004
1 8 0.0004
1 9 -0.0004
1 10 0.0004
1 11 -0.0004
1 12 -0.0004
1 13 -0.0004
1 14 -0.0004
1 15 -0.0004
1 16 -0.0004
1 17 0.0004
1 18 -0.0004
1 19 0.0004
1 20 0.0004
1 21 0.0004
1 22 -0.0004
1 23 -0.0004
1 24 0.0004
1 25 0.0004
1 26 -0.0004
1 27 0.0004
1 28 -0.0004
1 29 0.0004
1 30 -0.0004
1 31 0.0004
1 32 -0.0004
1 33 0.0004
1 34 0.0004
1 35 -0.0004
1 36 0.0004
1 37 0.0004
1 38 -0.0004
1 39 -0.0004
1 40 0.0004
1 41 0.0004
1 42 -0.0004
1 43 -0.0004
1 44 0.0004
1 45 -0.0004
1 46 -0.0004
1 47 0.0004
1 48 0.0004
1 49 -0.0004
2 0 0.0004
2 1 0.0004
2 2 0.0004
2 3 0.0004
2 4 0.0004
2 5 0.0004
2 6 0.0004
2 7 -0.0004
2 8 -0.0004
2 9 -0.0004
2 10 -0.0004
2 11 0.0004
2 12 -0.0004
2 13 -0.0004
2 14 -0.0004
2 15 0.0004
2 16 -0.0004
2 17 -0.0004
2 18 0.0004
2 19 -0.0004
2 20 0.0004
2 21 -0.0004
2 22 -0.0004
2 23 -0.0004
2 24 -0.0004
2 25 -0.0004
2 26 0.0004
2 27 0.0004
2 28 -0.0004
2 29 -0.0004
2 30 0.0004
2 31 0.0004
2 32 -0.0004
2 33 0.0004
2 34 -0.0004
2 35 0.0004
2 36 -0.0004
2 37 0.0004
2 38 0.0004
2 39 0.0004
2 40 0.0004
2 41 0.0004
2 42 0.0004
2 43 -0.0004
2 44 -0.0004
2 45 -0.0004
2 46 -0.0004
2 47 -0.0004
2 48 0.0004
2 49 -0.0004
3 0 0.0004
3 1 0.0004
3 2 0.0004
3 3 0.0004
3 4 -0.0004
3 5 -0.0004
3 6 -0.0004
3 7 -0.0004
3 8 0.0004
3 9 0.0004
3 10 -0.0004
3 11 -0.0004
3 12 0.0004
3 13 0.0004
3 14 -0.0004
3 15 0.0004
3 16 0.0004
3 17 -0.0004
3 18 0.0004
3 19 -0.0004
3 20 -0.0004
3 21 0.0004
3 22 -0.0004
3 23 -0.0004
3 24 -0.0004
3 25 -0.0004
3 26 0.0004
3 27 0.0004
3 28 0.0004
3 29 -0.0004
3 30 0.0004
3 31 0.0004
3 32 -0.0004
3 33 -0.0004
3 34 -0.0004
3 35 0.0004
3 36 -0.0004
3 37 -0.0004
3 38 -0.0004
3 39 -0.0004
3 40 0.0004
3 41 0.0004
3 42 -0.0004
3 43 -0.0004
3 44 0.0004
3 45 -0.0004
3 46 0.0004
3 47 -0.0004
3 48 -0.0004
3 49 0.0004
4 0 0.0004
4 1 0.0004
4 2 -0.0004
4 3 0.0004
4 4 -0.0004
4 5 0.0004
4 6 0.0004
4 7 -0.0004
4 8 0.0004
4 9 -0.0004
4 10 0.0004
4 11 0.0004
4 12 0.0004
4 13 0.0004
4 14 0.0004
4 15 -0.0004
4 16 -0.0004
4 17 0.0004
4 18 -0.0004
4 19 0.0004
4 20 -0.0004
4 21 -0.0004
4 22 -0.0004
4 23 0.0004
4 24 -0.0004
4 25 0.0004
4 26 -0.0004
4 27 -0.0004
4 28 0.0004
4 29 0.0004
4 30 0.0004
4 31 0.0004
4 32 0.0004
4 33 -0.0004
4 34 -0.0004
4 35 -0.0004
4 36 -0.0004
4 37 0.0004
4 38 0.0004
4 39 -0.0004
4 40 0.0004
4 41 0.0004
4 42 0.0004
4 43 0.0004
4 44 0.0004
4 45 -0.0004
4 46 -0.0004
4 47 0.0004
4 48 0.0004
4 49 0.0004
5 0 0.0004
5 1 -0.0004
5 2 -0.0004
5 3 -0.0004
5 4 0.0004
5 5 0.0004
5 6 -0.0004
5 7 0.0004
5 8 -0.0004
5 9 -0.0004
5 10 -0.0004
5 11 -0.0004
5 12 0.0004
5 13 0.0004
5 14 0.0004
5 15 0.0004
5 16 -0.0004
5 17 0.0004
5 18 0.0004
5 19 -0.0004
5 20 0.0004
5 21 -0.0004
5 22 0.0004
5 23 -0.0004
5 24 -0.0004
5 25 -0.0004
5 26 -0.0004
5 27 0.0004
5 28 0.0004
5 29 0.0004
5 30 -0.0004
5 31 0.0004
5 32 0.0004
5 33 0.0004
5 34 -0.0004
5 35 0.0004
5 36 -0.0004
5 37 0.0004
5 38 -0.0004
5 39 -0.0004
5 40 0.0004
5 41 0.0004
5 42 -0.0004
5 43 -0.0004
5 44 -0.0004
5 45 0.0004
5 46 0.0004
5 47 -0.0004
5 48 0.0004
5 49 -0.0004
6 0 0.0004
6 1 0.0004
6 2 0.0004
6 3 0.0004
6 4 -0.0004
6 5 -0.0004
6 6 0.0004
6 7 0.0004
6 8 -0.0004
6 9 -0.0004
6 10 0.0004
6 11 0.0004
6 12 -0.0004
6 13 -0.0004
6 14 -0.0004
6 15 0.0004
6 16 0.0004
6 17 -0.0004
6 18 -0.0004
6 19 0.0004
6 20 0.0004
6 21 -0.0004
6 22 0.0004
6 23 0.0004
6 24 0.0004
6 25 -0.0004
6 26 0.0004
6 27 -0.0004
6 28 0.0004
6 29 -0.0004
6 30 -0.0004
6 31 0.0004
6 32 -0.0004
6 33 -0.0004
6 34 0.0004
6 35 0.0004
6 36 -0.0004
6 37 0.0004
6 38 -0.0004
6 39 0.0004
6 40 0.0004
6 41 0.0004
6 42 0.0004
6 43 0.0004
6 44 0.0004
6 45 0.0004
6 46 0.0004
6 47 -0.0004
6 48 0.0004
6 49 -0.0004
7 0 -0.0004
7 1 0.0004
7 2 -0.0004
7 3 0.0004
7 4 0.0004
7 5 0.0004
7 6 0.0004
7 7 -0.0004
7 8 0.0004
7 9 -0.0004
7 10 -0.0004
7 11 0.0004
7 12 0.0004
7 13 -0.0004
7 14 -0.0004
7 15 0.0004
7 16 -0.0004
7 17 -0.0004
7 18 0.0004
7 19 -0.0004
7 20 -0.0004
7 21 -0.0004
7 22 0.0004
7 23 0.0004
7 24 0.0004
7 25 -0.0004
7 26 -0.0004
7 27 -0.0004
7 28 -0.0004
7 29 -0.0004
7 30 -0.0004
7 31 -0.0004
7 32 0.0004
7 33 0.0004
7 34 -0.0004
7 35 0.0004
7 36 -0.0004
7 37 0.0004
7 38 -0.0004
7 39 -0.0004
7 40 -0.0004
7 41 0.0004
7 42 -0.0004
7 43 -0.0004
7 44 -0.0004
7 45 -0.0004
7 46 -0.0004
7 47 -0.0004
7 48 -0.0004
7 49 -0.0004
8 0 -0.0004
8 1 -0.0004
8 2 0.0004
8 3 -0.0004
8 4 -0.0004
8 5 0.0004
8 6 0.0004
8 7 -0.0004
8 8 -0.0004
8 9 0.0004
8 10 0.0004
8 11 -0.0004
8 12 0.0004
8 13 0.0004
8 14 0.0004
8 15 -0.0004
8 16 0.0004
8 17 -0.0004
8 18 -0.0004
8 19 -0.0004
8 20 -0.0004
8 21 0.0004
8 22 -0.0004
8 23 -0.0004
8 24 -0.0004
8 25 0.0004
8 26 0.0004
8 27 0.0004
8 28 0.0004
8 29 -0.0004
8 30 -0.0004
8 31 0.0004
8 32 -0.0004
8 33 -0.0004
8 34 0.0004
8 35 -0.0004
8 36 -0.0004
8 37 0.0004
8 38 -0.0004
8 39 -0.0004
8 40 0.0004
8 41 -0.0004
8 42 -0.0004
8 43 0.0004
8 44 0.0004
8 45 0.0004
8 46 0.0004
8 47 0.0004
8 48 -0.0004
8 49 0.0004
9 0 0.0004
9 1 -0.0004
9 2 -0.0004
9 3 -0.0004
9 4 -0.0004
9 5 0.0004
9 6 -0.0004
9 7 0.0004
9 8 -0.0004
9 9 0.0004
9 10 0.0004
9 11 -0.0004
9 12 0.0004
9 13 -0.0004
9 14 -0.0004
9 15 -0.0004
9 16 0.0004
9 17 -0.0004
9 18 -0.0004
9 19 0.0004
9 20 -0.0004
9 21 0.0004
9 22 -0.0004
9 23 0.0004
9 24 0.0004
9 25 0.0004
9 26 0.0004
9 27 -0.0004
9 28 0.0004
9 29 -0.0004
9 30 0.0004
9 31 0.0004
9 32 -0.0004
9 33 0.0004
9 34 0.0004
9 35 0.0004
9 36 0.0004
9 37 0.0004
9 38 0.0004
9 39 0.0004
9 40 -0.0004
9 41 0.0004
9 42 0.0004
9 43 -0.0004
9 44 -0.0004
9 45 0.0004
9 46 0.0004
9 47 0.0004
9 48 0.0004
9 49 0.0004
10 0 -0.0004
10 1 -0.0004
10 2 -0.0004
10 3 0.0004
10 4 -0.0004
10 5 0.0004
10 6 0.0004
10 7 -0.0004
10 8 0.0004
10 9 0.0004
10 10 -0.0004
10 11 -0.0004
10 12 0.0004
10 13 -0.0004
10 14 -0.0004
10 15 -0.0004
10 16 -0.0004
10 17 -0.0004
10 18 -0.0004
10 19 -0.0004
10 20 -0.0004
10 21 0.0004
10 22 -0.0004
10 23 0.0004
10 24 -0.0004
10 25 0.0004
10 26 -0.0004
10 27 -0.0004
10 28 0.0004
10 29 0.0004
10 30 0.0004
10 31 0.0004
10 32 0.0004
10 33 -0.0004
10 34 -0.0004
10 35 -0.0004
10 36 0.0004
10 37 -0.0004
10 38 0.0004
10 39 -0.0004
10 40 0.0004
10 41 0.0004
10 42 0.0004
10 43 -0.0004
10 44 -0.0004
10 45 -0.0004
10 46 -0.0004
10 47 -0.0004
10 48 0.0004
10 49 0.0004
11 0 0.0004
11 1 -0.0004
11 2 0.0004
11 3 -0.0004
11 4 0.0004
11 5 0.0004
11 6 0.0004
11 7 0.0004
11 8 -0.0004
11 9 0.0004
11 10 -0.0004
11 11 -0.0004
11 12 -0.0004
11 13 0.0004
11 14 0.0004
11 15 0.0004
11 16 0.0004
11 17 0.0004
11 18 0.0004
11 19 -0.0004
11 20 -0.0004
11 21 0.0004
11 22 -0.0004
11 23 -0.0004
11 24 -0.0004
11 25 -0.0004
11 26 0.0004
11 27 -0.0004
11 28 -0.0004
11 29 -0.0004
11 30 -0.0004
11 31 0.0004
11 32 -0.0004
11 33 -0.0004
11 34 -0.0004
11 35 -0.0004
11 36 0.0004
11 37 0.0004
11 38 0.0004
11 39 0.0004
11 40 0.0004
11 41 0.0004
11 42 -0.0004
11 43 -0.0004
11 44 -0.0004
11 45 -0.0004
11 46 0.0004
11 47 -0.0004
11 48 -0.0004
11 49 0.0004
12 0 0.0004
12 1 -0.0004
12 2 0.0004
12 3 0.0004
12 4 -0.0004
12 5 0.0004
12 6 -0.0004
12 7 -0.0004
12 8 0.0004
12 9 0.0004
12 10 0.0004
12 11 -0.0004
12 12 0.0004
12 13 -0.0004
12 14 -0.0004
12 15 0.0004
12 16 0.0004
12 17 -0.0004
12 18 -0.0004
12 19 0.0004
12 20 -0.0004
12 21 0.0004
12 22 0.0004
12 23 0.0004
12 24 -0.0004
12 25 0.0004
12 26 0.0004
12 27 -0.0004
12 28 0.0004
12 29 0.0004
12 30 -0.0004
12 31 -0.0004
12 32 -0.0004
12 33 -0.0004
12 34 0.0004
12 35 -0.0004
12 36 -0.0004
12 37 -0.0004
12 38 0.0004
12 39 -0.0004
12 40 -0.0004
12 41 -0.0004
12 42 0.0004
12 43 -0.0004
12 44 0.0004
12 45 -0.0004
12 46 -0.0004
12 47 0.0004
12 48 0.0004
12 49 -0.0004
13 0 0.0004
13 1 0.0004
13 2 0.0004
13 3 -0.0004
13 4 0.0004
13 5 0.0004
13 6 -0.0004
13 7 -0.0004
13 8 -0.0004
13 9 0.0004
13 10 -0.0004
13 11 0.0004
13 12 0.0004
13 13 -0.0004
13 14 0.0004
13 15 0.0004
13 16 -0.0004
13 17 -0.0004
13 18 0.0004
13 19 -0.0004
13 20 -0.0004
13 21 0.0004
13 22 -0.0004
13 23 -0.0004
13 24 -0.0004
13 25 0.0004
13 26 -0.0004
13 27 -0.0004
13 28 0.0004
13 29 0.0004
13 30 -0.0004
13 31 0.0004
13 32 0.0004
13 33 -0.0004
13 34 0.0004
13 35 0.0004
13 36 -0.0004
13 37 0.0004
13 38 -0.0004
13 39 0.0004
13 40 0.0004
13 41 0.0004
13 42 -0.0004
13 43 -0.0004
13 44 0.0004
13 45 0.0004
13 46 -0.0004
13 47 0.0004
13 48 0.0004
13 49 -0.0004
14 0 0.0004
14 1 -0.0004
14 2 -0.0004
14 3 -0.0004
14 4 0.0004
14 5 -0.0004
14 6 -0.0004
14 7 -0.0004
14 8 0.0004
14 9 -0.0004
14 10 -0.0004
14 11 0.0004
14 12 -0.0004
14 13 0.0004
14 14 -0.0004
14 15 -0.0004
14 16 -0.0004
14 17 -0.0004
14 18 -0.0004
14 19 -0.0004
14 20 -0.0004
14 21 -0.0004
14 22 -0.0004
14 23 -0.0004
14 24 0.0004
14 25 0.0004
14 26 0.0004
14 27 0.0004
14 28 0.0004
14 29 0.0004
14 30 -0.0004
14 31 -0.0004
14 32 0.0004
14 33 -0.0004
14 34 -0.0004
14 35 0.0004
14 36 0.0004
14 37 0.0004
14 38 0.0004
14 39 0.0004
14 40 -0.0004
14 41 0.0004
14 42 -0.0004
14 43 0.0004
14 44 -0.0004
14 45 -0.0004
14 46 0.0004
14 47 0.0004
14 48 -0.0004
14 49 -0.0004
15 0 0.0004
15 1 0.0004
15 2 0.0004
15 3 -0.0004
15 4 -0.0004
15 5 -0.0004
15 6 -0.0004
15 7 0.0004
15 8 -0.0004
15 9 -0.0004
15 10 0.0004
15 11 -0.0004
15 12 0.0004
15 13 -0.0004
15 14 0.0004
15 15 0.0004
15 16 0.0004
15 17 0.0004
15 18 -0.0004
15 19 0.0004
15 20 -0.0004
15 21 -0.0004
15 22 -0.0004
15 23 -0.0004
15 24 -0.0004
15 25 0.0004
15 26 -0.0004
15 27 -0.0004
15 28 -0.0004
15 29 0.0004
15 30 -0.0004
15 31 -0.0004
15 32 0.0004
15 33 -0.0004
15 34 0.0004
15 35 -0.0004
15 36 -0.0004
15 37 0.0004
15 38 0.0004
15 39 0.0004
15 40 -0.0004
15 41 -0.0004
15 42 0.0004
15 43 0.0004
15 44 0.0004
15 45 0.0004
15 46 0.0004
15 47 -0.0004
15 48 -0.0004
15 49 -0.0004
16 0 -0.0004
16 1 0.0004
16 2 0.0004
16 3 0.0004
16 4 -0.0004
16 5 -0.0004
16 6 -0.0004
16 7 0.0004
16 8 -0.0004
16 9 0.0004
16 10 -0.0004
16 11 -0.0004
16 12 0.0004
16 13 -0.0004
16 14 -0.0004
16 15 -0.0004
16 16 0.0004
16 17 0.0004
16 18 -0.0004
16 19 0.0004
16 20 -0.0004
16 21 -0.0004
16 22 -0.0004
16 23 -0.0004
16 24 0.0004
16 25 0.0004
16 26 0.0004
16 27 0.0004
16 28 0.0004
16 29 -0.0004
16 30 0.0004
16 31 -0.0004
16 32 -0.0004
16 33 0.0004
16 34 0.0004
16 35 -0.0004
16 36 0.0004
16 37 0.0004
16 38 -0.0004
16 39 -0.0004
16 40 0.0004
16 41 0.0004
16 42 0.0004
16 43 -0.0004
16 44 -0.0004
16 45 -0.0004
16 46 0.0004
16 47 0.0004
16 48 0.0004
16 49 0.0004
17 0 0.0004
17 1 -0.0004
17 2 -0.0004
17 3 0.0004
17 4 0.0004
17 5 -0.0004
17 6 0.0004
17 7 -0.0004
17 8 -0.0004
17 9 0.0004
17 10 -0.0004
17 11 0.0004
17 12 0.0004
17 13 0.0004
17 14 -0.0004
17 15 0.0004
17 16 -0.0004
17 17 -0.0004
17 18 0.0004
17 19 0.0004
17 20 -0.0004
17 21 -0.0004
17 22 -0.0004
17 23 -0.0004
17 24 -0.0004
17 25 -0.0004
17 26 0.0004
17 27 0.0004
17 28 0.0004
17 29 -0.0004
17 30 -0.0004
17 31 0.0004
17 32 -0.0004
17 33 -0.0004
17 34 -0.0004
17 35 0.0004
17 36 -0.0004
17 37 0.0004
17 38 0.0004
17 39 0.0004
17 40 0.0004
17 41 -0.0004
17 42 -0.0004
17 43 -0.0004
17 44 0.0004
17 45 -0.0004
17 46 -0.0004
17 47 -0.0004
17 48 -0.0004
17 49 -0.0004
18 0 -0.0004
18 1 -0.0004
18 2 -0.0004
18 3 -0.0004
18 4 0.0004
18 5 -0.0004
18 6 0.0004
18 7 0.0004
18 8 0.0004
18 9 0.0004
18 10 0.0004
18 11 -0.0004
18 12 -0.0004
18 13 0.0004
18 14 0.0004
18 15 -0.0004
18 16 -0.0004
18 17 -0.0004
18 18 0.0004
18 19 -0.0004
18 20 -0.0004
18 21 -0.0004
18 22 -0.0004
18 23 -0.0004
18 24 0.0004
18 25 -0.0004
18 26 -0.0004
18 27 0.0004
18 28 0.0004
18 29 0.0004
18 30 -0.0004
18 31 -0.0004
18 32 0.0004
18 33 -0.0004
18 34 -0.0004
18 35 0.0004
18 36 -0.0004
18 37 -0.0004
18 38 -0.0004
18 39 -0.0004
18 40 0.0004
18 41 -0.0004
18 42 -0.0004
18 43 0.0004
18 44 -0.0004
18 45 0.0004
18 46 0.0004
18 47 0.0004
18 48 0.0004
18 49 -0.0004
19 0 0.0004
19 1 0.0004
19 2 0.0004
19 3 0.0004
19 4 -0.0004
19 5 0.0004
19 6 -0.0004
19 7 0.0004
19 8 -0.0004
19 9 0.0004
19 10 0.0004
19 11 0.0004
19 12 0.0004
19 13 0.0004
19 14 -0.0004
19 15 -0.0004
19 16 -0.0004
19 17 -0.0004
19 18 -0.0004
19 19 -0.0004
19 20 -0.0004
19 21 0.0004
19 22 0.0004
19 23 -0.0004
19 24 -0.0004
19 25 -0.0004
19 26 0.0004
19 27 0.0004
19 28 0.0004
19 29 -0.0004
19 30 -0.0004
19 31 -0.0004
19 32 -0.0004
19 33 0.0004
19 34 -0.0004
19 35 0.0004
19 36 -0.0004
19 37 0.0004
19 38 0.0004
19 39 -0.0004
19 40 0.0004
19 41 -0.0004
19 42 -0.0004
19 43 0.0004
19 44 0.0004
19 45 -0.0004
19 46 -0.0004
19 47 0.0004
19 48 0.0004
19 49 -0.0004
20 0 -0.0004
20 1 0.0004
20 2 -0.0004
20 3 -0.0004
20 4 -0.0004
20 5 0.0004
20 6 0.0004
20 7 0.0004
20 8 0.0004
20 9 0.0004
20 10 -0.0004
20 11 -0.0004
20 12 -0.0004
20 13 0.0004
20 14 -0.0004
20 15 0.0004
20 16 0.0004
20 17 -0.0004
20 18 0.0004
20 19 0.0004
20 20 -0.0004
20 21 -0.0004
20 22 0.0004
20 23 -0.0004
20 24 0.0004
20 25 -0.0004
20 26 0.0004
20 27 -0.0004
20 28 0.0004
20 29 0.0004
20 30 0.0004
20 31 -0.0004
20 32 0.0004
20 33 0.0004
20 34 0.0004
20 35 -0.0004
20 36 -0.0004
20 37 -0.0004
20 38 0.0004
20 39 -0.0004
20 40 -0.0004
20 41 0.0004
20 42 0.0004
20 43 -0.0004
20 44 -0.0004
20 45 0.0004
20 46 -0.0004
20 47 0.0004
20 48 0.0004
20 49 0.0004
21 0 0.0004
21 1 0.0004
21 2 0.0004
21 3 0.0004
21 4 0.0004
21 5 0.0004
21 6 0.0004
21 7 -0.0004
21 8 -0.0004
21 9 0.0004
21 10 -0.0004
21 11 0.0004
21 12 0.0004
21 13 0.0004
21 14 0.0004
21 15 -0.0004
21 16 0.0004
21 17 0.0004
21 18 -0.0004
21 19 0.0004
21 20 -0.0004
21 21 -0.0004
21 22 -0.0004
21 23 -0.0004
21 24 -0.0004
21 25 0.0004
21 26 -0.0004
21 27 0.0004
21 28 0.0004
21 29 -0.0004
21 30 -0.0004
21 31 0.0004
21 32 0.0004
21 33 -0.0004
21 34 0.0004
21 35 -0.0004
21 36 0.0004
21 37 0.0004
21 38 -0.0004
21 39 -0.0004
21 40 -0.0004
21 41 -0.0004
21 42 0.0004
21 43 0.0004
21 44 0.0004
21 45 -0.0004
21 46 -0.0004
21 47 -0.0004
21 48 0.0004
21 49 -0.0004
22 0 -0.0004
22 1 0.0004
22 2 -0.0004
22 3 -0.0004
22 4 -0.0004
22 5 -0.0004
22 6 0.0004
22 7 -0.0004
22 8 -0.0004
22 9 -0.0004
22 10 -0.0004
22 11 0.0004
22 12 0.0004
22 13 -0.0004
22 14 -0.0004
22 15 -0.0004
22 16 0.0004
22 17 -0.0004
22 18 -0.0004
22 19 -0.0004
22 20 -0.0004
22 21 0.0004
22 22 0.0004
22 23 0.0004
22 24 0.0004
22 25 -0.0004
22 26 0.0004
22 27 0.0004
22 28 -0.0004
22 29 -0.0004
22 30 0.0004
22 31 0.0004
22 32 -0.0004
22 33 -0.0004
22 34 -0.0004
22 35 -0.0004
22 36 -0.0004
22 37 -0.0004
22 38 -0.0004
22 39 -0.0004
22 40 0.0004
22 41 -0.0004
22 42 0.0004
22 43 0.0004
22 44 -0.0004
22 45 -0.0004
22 46 0.0004
22 47 -0.0004
22 48 -0.0004
22 49 -0.0004
23 0 -0.0004
23 1 -0.0004
23 2 -0.0004
23 3 -0.0004
23 4 -0.0004
23 5 0.0004
23 6 -0.0004
23 7 -0.0004
23 8 -0.0004
23 9 0.0004
23 10 -0.0004
23 11 0.0004
23 12 0.0004
23 13 -0.0004
23 14 0.0004
23 15 0.0004
23 16 -0.0004
23 17 -0.0004
23 18 0.0004
23 19 -0.0004
23 20 0.0004
23 21 0.0004
23 22 -0.0004
23 23 0.0004
23 24 0.0004
23 25 -0.0004
23 26 -0.0004
23 27 -0.0004
23 28 -0.0004
23 29 -0.0004
23 30 -0.0004
23 31 0.0004
23 32 -0.0004
23 33 0.0004
23 34 0.0004
23 35 -0.0004
23 36 0.0004
23 37 -0.0004
23 38 0.0004
23 39 -0.0004
23 40 0.0004
23 41 0.0004
23 42 -0.0004
23 43 -0.0004
23 44 -0.0004
23 45 -0.0004
23 46 -0.0004
23 47 0.0004
23 48 0.0004
23 49 -0.0004
24 0 -0.0004
24 1 -0.0004
24 2 -0.0004
24 3 0.0004
24 4 0.0004
24 5 0.0004
24 6 -0.0004
24 7 -0.0004
24 8 -0.0004
24 9 -0.0004
24 10 -0.0004
24 11 0.0004
24 12 -0.0004
24 13 -0.0004
24 14 -0.0004
24 15 0.0004
24 16 -0.0004
24 17 0.0004
24 18 -0.0004
24 19 0.0004
24 20 0.0004
24 21 -0.0004
24 22 -0.0004
24 23 -0.0004
24 24 -0.0004
24 25 -0.0004
24 26 0.0004
24 27 -0.0004
24 28 0.0004
24 29 -0.0004
24 30 -0.0004
24 31 -0.0004
24 32 0.0004
24 33 0.0004
24 34 -0.0004
24 35 0.0004
24 36 -0.0004
24 37 0.0004
24 38 -0.0004
24 39 -0.0004
24 40 0.0004
24 41 -0.0004
24 42 -0.0004
24 43 0.0004
24 44 0.0004
24 45 0.0004
24 46 -0.0004
24 47 0.0004
24 48 -0.0004
24 49 -0.0004
25 0 0.0004
25 1 0.0004
25 2 -0.0004
25 3 -0.0004
25 4 -0.0004
25 5 0.0004
25 6 0.0004
25 7 -0.0004
25 8 -0.0004
25 9 -0.0004
25 10 -0.0004
25 11 0.0004
25 12 -0.0004
25 13 -0.0004
25 14 -0.0004
25 15 -0.0004
25 16 -0.0004
25 17 0.0004
25 18 0.0004
25 19 0.0004
25 20 -0.0004
25 21 0.0004
25 22 -0.0004
25 23 -0.0004
25 24 -0.0004
25 25 -0.0004
25 26 -0.0004
25 27 0.0004
25 28 -0.0004
25 29 -0.0004
25 30 0.0004
25 31 0.0004
25 32 0.0004
25 33 0.0004
25 34 -0.0004
25 35 0.0004
25 36 0.0004
25 37 0.0004
25 38 -0.0004
25 39 0.0004
25 40 0.0004
25 41 -0.0004
25 42 -0.0004
25 43 0.0004
25 44 -0.0004
25 45 0.0004
25 46 -0.0004
25 47 -0.0004
25 48 0.0004
25 49 -0.0004
26 0 0.0004
26 1 0.0004
26 2 -0.0004
26 3 -0.0004
26 4 -0.0004
26 5 0.0004
26 6 -0.0004
26 7 -0.0004
26 8 0.0004
26 9 0.0004
26 10 0.0004
26 11 -0.0004
26 12 0.0004
26 13 -0.0004
26 14 0.0004
26 15 -0.0004
26 16 -0.0004
26 17 0.0004
26 18 -0.0004
26 19 -0.0004
26 20 -0.0004
26 21 -0.0004
26 22 0.0004
26 23 0.0004
26 24 0.0004
26 25 -0.0004
26 26 -0.0004
26 27 -0.0004
26 28 -0.0004
26 29 0.0004
26 30 0.0004
26 31 0.0004
26 32 0.0004
26 33 -0.0004
26 34 0.0004
26 35 0.0004
26 36 0.0004
26 37 -0.0004
26 38 0.0004
26 39 0.0004
26 40 -0.0004
26 41 -0.0004
26 42 0.0004
26 43 -0.0004
26 44 -0.0004
26 45 -0.0004
26 46 0.0004
26 47 -0.0004
26 48 0.0004
26 49 0.0004
27 0 0.0004
27 1 0.0004
27 2 -0.0004
27 3 0.0004
27 4 -0.0004
27 5 0.0004
27 6 -0.0004
27 7 0.0004
27 8 -0.0004
27 9 0.0004
27 10 -0.0004
27 11 -0.0004
27 12 -0.0004
27 13 -0.0004
27 14 -0.0004
27 15 -0.0004
27 16 0.0004
27 17 -0.0004
27 18 0.0004
27 19 -0.0004
27 20 -0.0004
27 21 -0.0004
27 22 0.0004
27 23 0.0004
27 24 0.0004
27 25 0.0004
27 26 0.0004
27 27 0.0004
27 28 0.0004
27 29 -0.0004
27 30 0.0004
27 31 0.0004
27 32 -0.0004
27 33 -0.0004
27 34 0.0004
27 35 0.0004
27 36 -0.0004
27 37 -0.0004
27 38 0.0004
27 39 -0.0004
27 40 -0.0004
27 41 -0.0004
27 42 0.0004
27 43 -0.0004
27 44 -0.0004
27 45 -0.0004
27 46 0.0004
27 47 0.0004
27 48 -0.0004
27 49 -0.0004
28 0 -0.0004
28 1 -0.0004
28 2 0.0004
28 3 -0.0004
28 4 -0.0004
28 5 -0.0004
28 6 -0.0004
28 7 0.0004
28 8 -0.0004
28 9 0.0004
28 10 -0.0004
28 11 0.0004
28 12 0.0004
28 13 -0.0004
28 14 0.0004
28 15 0.0004
28 16 0.0004
28 17 -0.0004
28 18 -0.0004
28 19 0.0004
28 20 -0.0004
28 21 -0.0004
28 22 -0.0004
28 23 -0.0004
28 24 0.0004
28 25 0.0004
28 26 0.0004
28 27 0.0004
28 28 0.0004
28 29 0.0004
28 30 0.0004
28 31 0.0004
28 32 0.0004
28 33 -0.0004
28 34 -0.0004
28 35 -0.0004
28 36 -0.0004
28 37 -0.0004
28 38 -0.0004
28 39 0.0004
28 40 -0.0004
28 41 0.0004
28 42 0.0004
28 43 0.0004
28 44 -0.0004
28 45 0.0004
28 46 -0.0004
28 47 -0.0004
28 48 -0.0004
28 49 0.0004
29 0 0.0004
29 1 0.0004
29 2 0.0004
29 3 0.0004
29 4 0.0004
29 5 -0.0004
29 6 -0.0004
29 7 -0.0004
29 8 -0.0004
29 9 0.0004
29 10 0.0004
29 11 -0.0004
29 12 -0.0004
29 13 -0.0004
29 14 0.0004
29 15 0.0004
29 16 -0.0004
29 17 0.0004
29 18 -0.0004
29 19 -0.0004
29 20 -0.0004
29 21 0.0004
29 22 0.0004
29 23 -0.0004
29 24 0.0004
29 25 -0.0004
29 26 0.0004
29 27 0.0004
29 28 -0.0004
29 29 -0.0004
29 30 -0.0004
29 31 -0.0004
29 32 0.0004
29 33 0.0004
29 34 -0.0004
29 35 0.0004
29 36 0.0004
29 37 -0.0004
29 38 -0.0004
29 39 -0.0004
29 40 0.0004
29 41 0.0004
29 42 -0.0004
29 43 -0.0004
29 44 -0.0004
29 45 -0.0004
29 46 -0.0004
29 47 0.0004
29 48 0.0004
29 49 -0.0004
30 0 -0.0004
30 1 -0.0004
30 2 0.0004
30 3 0.0004
30 4 -0.0004
30 5 0.0004
30 6 -0.0004
30 7 -0.0004
30 8 0.0004
30 9 -0.0004
30 10 -0.0004
30 11 -0.0004
30 12 -0.0004
30 13 -0.0004
30 14 0.0004
30 15 -0.0004
30 16 -0.0004
30 17 -0.0004
30 18 0.0004
30 19 -0.0004
30 20 -0.0004
30 21 0.0004
30 22 -0.0004
30 23 0.0004
30 24 -0.0004
30 25 0.0004
30 26 0.0004
30 27 -0.0004
30 28 0.0004
30 29 0.0004
30 30 -0.0004
30 31 -0.0004
30 32 -0.0004
30 33 -0.0004
30 34 -0.0004
30 35 0.0004
30 36 0.0004
30 37 0.0004
30 38 -0.0004
30 39 0.0004
30 40 0.0004
30 41 0.0004
30 42 -0.0004
30 43 -0.0004
30 44 -0.0004
30 45 0.0004
30 46 0.0004
30 47 -0.0004
30 48 0.0004
30 49 0.0004
31 0 -0.0004
31 1 -0.0004
31 2 0.0004
31 3 0.0004
31 4 0.0004
31 5 -0.0004
31 6 0.0004
31 7 0.0004
31 8 0.0004
31 9 0.0004
31 10 0.0004
31 11 -0.0004
31 12 0.0004
31 13 0.0004
31 14 0.0004
31 15 -0.0004
31 16 0.0004
31 17 0.0004
31 18 0.0004
31 19 -0.0004
31 20 -0.0004
31 21 -0.0004
31 22 -0.0004
31 23 0.0004
31 24 0.0004
31 25 0.0004
31 26 -0.0004
31 27 -0.0004
31 28 -0.0004
31 29 0.0004
31 30 0.0004
31 31 0.0004
31 32 -0.0004
31 33 0.0004
31 34 0.0004
31 35 -0.0004
31 36 0.0004
31 37 -0.0004
31 38 -0.0004
31 39 -0.0004
31 40 -0.0004
31 41 0.0004
31 42 0.0004
31 43 0.0004
31 44 0.0004
31 45 -0.0004
31 46 0.0004
31 47 -0.0004
31 48 -0.0004
31 49 -0.0004
32 0 -0.0004
32 1 0.0004
32 2 0.0004
32 3 0.0004
32 4 0.0004
32 5 -0.0004
32 6 0.0004
32 7 0.0004
32 8 -0.0004
32 9 -0.0004
32 10 0.0004
32 11 -0.0004
32 12 -0.0004
32 13 0.0004
32 14 -0.0004
32 15 0.0004
32 16 0.0004
32 17 0.0004
32 18 -0.0004
32 19 0.0004
32 20 -0.0004
32 21 0.0004
32 22 -0.0004
32 23 0.0004
32 24 0.0004
32 25 -0.0004
32 26 -0.0004
32 27 0.0004
32 28 -0.0004
32 29 0.0004
32 30 0.0004
32 31 -0.0004
32 32 0.0004
32 33 -0.0004
32 34 -0.0004
32 35 -0.0004
32 36 0.0004
32 37 -0.0004
32 38 0.0004
32 39 -0.0004
32 40 -0.0004
32 41 0.0004
32 42 -0.0004
32 43 -0.0004
32 44 0.0004
32 45 0.0004
32 46 -0.0004
32 47 0.0004
32 48 0.0004
32 49 -0.0004
33 0 -0.0004
33 1 -0.0004
33 2 0.0004
33 3 -0.0004
33 4 -0.0004
33 5 0.0004
33 6 -0.0004
33 7 0.0004
33 8 -0.0004
33 9 0.0004
33 10 -0.0004
33 11 0.0004
33 12 0.0004
33 13 -0.0004
33 14 -0.0004
33 15 -0.0004
33 16 -0.0004
33 17 -0.0004
33 18 0.0004
33 19 -0.0004
33 20 0.0004
33 21 -0.0004
33 22 -0.0004
33 23 -0.0004
33 24 0.0004
33 25 0.0004
33 26 -0.0004
33 27 0.0004
33 28 0.0004
33 29 -0.0004
33 30 0.0004
33 31 -0.0004
33 32 -0.0004
33 33 -0.0004
33 34 0.0004
33 35 -0.0004
33 36 -0.0004
33 37 -0.0004
33 38 0.0004
33 39 -0.0004
33 40 0.0004
33 41 0.0004
33 42 0.0004
33 43 -0.0004
33 44 -0.0004
33 45 -0.0004
33 46 -0.0004
33 47 -0.0004
33 48 0.0004
33 49 0.0004
34 0 0.0004
34 1 0.0004
34 2 0.0004
34 3 -0.0004
34 4 0.0004
34 5 0.0004
34 6 0.0004
34 7 -0.0004
34 8 0.0004
34 9 0.0004
34 10 0.0004
34 11 -0.0004
34 12 0.0004
34 13 -0.0004
34 14 0.0004
34 15 0.0004
34 16 -0.0004
34 17 -0.0004
34 18 -0.0004
34 19 0.0004
34 20 -0.0004
34 21 -0.0004
34 22 0.0004
34 23 -0.0004
34 24 -0.0004
34 25 -0.0004
34 26 -0.0004
34 27 0.0004
34 28 -0.0004
34 29 0.0004
34 30 0.0004
34 31 0.0004
34 32 -0.0004
34 33 0.0004
34 34 0.0004
34 35 -0.0004
34 36 -0.0004
34 37 -0.0004
34 38 0.0004
34 39 0.0004
34 40 0.0004
34 41 -0.0004
34 42 -0.0004
34 43 0.0004
34 44 0.0004
34 45 0.0004
34 46 -0.0004
34 47 0.0004
34 48 -0.0004
34 49 0.0004
35 0 -0.0004
35 1 -0.0004
35 2 0.0004
35 3 -0.0004
35 4 -0.0004
35 5 -0.0004
35 6 0.0004
35 7 -0.0004
35 8 -0.0004
35 9 0.0004
35 10 0.0004
35 11 0.0004
35 12 0.0004
35 13 0.0004
35 14 -0.0004
35 15 0.0004
35 16 -0.0004
35 17 0.0004
35 18 0.0004
35 19 -0.0004
35 20 -0.0004
35 21 0.0004
35 22 0.0004
35 23 0.0004
35 24 0.0004
35 25 0.0004
35 26 -0.0004
35 27 0.0004
35 28 -0.0004
35 29 0.0004
35 30 -0.0004
35 31 -0.0004
35 32 0.0004
35 33 0.0004
35 34 -0.0004
35 35 -0.0004
35 36 0.0004
35 37 0.0004
35 38 -0.0004
35 39 0.0004
35 40 0.0004
35 41 0.0004
35 42 0.0004
35 43 0.0004
35 44 0.0004
35 45 -0.0004
35 46 0.0004
35 47 0.0004
35 48 -0.0004
35 49 0.0004
36 0 0.0004
36 1 0.0004
36 2 0.0004
36 3 -0.0004
36 4 0.0004
36 5 0.0004
36 6 -0.0004
36 7 0.0004
36 8 0.0004
36 9 0.0004
36 10 0.0004
36 11 0.0004
36 12 0.0004
36 13 0.0004
36 14 -0.0004
36 15 0.0004
36 16 -0.0004
36 17 -0.0004
36 18 -0.0004
36 19 0.0004
36 20 0.0004
36 21 0.0004
36 22 0.0004
36 23 -0.0004
36 24 0.0004
36 25 0.0004
36 26 0.0004
36 27 0.0004
36 28 0.0004
36 29 -0.0004
36 30 0.0004
36 31 -0.0004
36 32 0.0004
36 33 -0.0004
36 34 0.0004
36 35 -0.0004
36 36 -0.0004
36 37 0.0004
36 38 -0.0004
36 39 -0.0004
36 40 0.0004
36 41 -0.0004
36 42 -0.0004
36 43 0.0004
36 44 -0.0004
36 45 0.0004
36 46 0.0004
36 47 -0.0004
36 48 0.0004
36 49 0.0004
37 0 0.0004
37 1 0.0004
37 2 -0.0004
37 3 0.0004
37 4 0.0004
37 5 0.0004
37 6 0.0004
37 7 0.0004
37 8 0.0004
37 9 0.0004
37 10 0.0004
37 11 0.0004
37 12 -0.0004
37 13 0.0004
37 14 0.0004
37 15 -0.0004
37 16 0.0004
37 17 0.0004
37 18 -0.0004
37 19 -0.0004
37 20 0.0004
37 21 0.0004
37 22 -0.0004
37 23 -0.0004
37 24 0.0004
37 25 -0.0004
37 26 -0.0004
37 27 -0.0004
37 28 0.0004
37 29 -0.0004
37 30 0.0004
37 31 0.0004
37 32 0.0004
37 33 0.0004
37 34 0.0004
37 35 -0.0004
37 36 0.0004
37 37 0.0004
37 38 0.0004
37 39 0.0004
37 40 0.0004
37 41 -0.0004
37 42 -0.0004
37 43 -0.0004
37 44 0.0004
37 45 -0.0004
37 46 0.0004
37 47 -0.0004
37 48 -0.0004
37 49 0.0004
38 0 0.0004
38 1 0.0004
38 2 -0.0004
38 3 0.0004
38 4 -0.0004
38 5 0.0004
38 6 0.0004
38 7 -0.0004
38 8 -0.0004
38 9 0.0004
38 10 0.0004
38 11 -0.0004
38 12 -0.0004
38 13 -0.0004
38 14 0.0004
38 15 -0.0004
38 16 0.0004
38 17 0.0004
38 18 0.0004
38 19 0.0004
38 20 -0.0004
38 21 0.0004
38 22 0.0004
38 23 0.0004
38 24 0.0004
38 25 -0.0004
38 26 0.0004
38 27 -0.0004
38 28 0.0004
38 29 0.0004
38 30 -0.0004
38 31 -0.0004
38 32 -0.0004
38 33 0.0004
38 34 0.0004
38 35 -0.0004
38 36 -0.0004
38 37 0.0004
38 38 0.0004
38 39 -0.0004
38 40 0.0004
38 41 0.0004
38 42 -0.0004
38 43 -0.0004
38 44 0.0004
38 45 0.0004
38 46 0.0004
38 47 0.0004
38 48 0.0004
38 49 -0.0004
39 0 0.0004
39 1 -0.0004
39 2 -0.0004
39 3 -0.0004
39 4 0.0004
39 5 0.0004
39 6 -0.0004
39 7 0.0004
39 8 -0.0004
39 9 0.0004
39 10 -0.0004
39 11 0.0004
39 12 0.0004
39 13 -0.0004
39 14 -0.0004
39 15 0.0004
39 16 0.0004
39 17 0.0004
39 18 0.0004
39 19 -0.0004
39 20 0.0004
39 21 0.0004
39 22 -0.0004
39 23 0.0004
39 24 -0.0004
39 25 -0.0004
39 26 0.0004
39 27 0.0004
39 28 -0.0004
39 29 0.0004
39 30 0.0004
39 31 -0.0004
39 32 0.0004
39 33 -0.0004
39 34 -0.0004
39 35 0.0004
39 36 0.0004
39 37 0.0004
39 38 0.0004
39 39 0.0004
39 40 -0.0004
39 41 -0.0004
39 42 0.0004
39 43 -0.0004
39 44 -0.0004
39 45 -0.0004
39 46 -0.0004
39 47 -0.0004
39 48 -0.0004
39 49 0.0004
40 0 -0.0004
40 1 -0.0004
40 2 0.0004
40 3 -0.0004
40 4 0.0004
40 5 -0.0004
40 6 -0.0004
40 7 -0.0004
40 8 0.0004
40 9 -0.0004
40 10 -0.0004
40 11 0.0004
40 12 -0.0004
40 13 0.0004
40 14 0.0004
40 15 -0.0004
40 16 0.0004
40 17 -0.0004
40 18 0.0004
40 19 -0.0004
40 20 -0.0004
40 21 -0.0004
40 22 -0.0004
40 23 -0.0004
40 24 0.0004
40 25 0.0004
40 26 0.0004
40 27 -0.0004
40 28 -0.0004
40 29 0.0004
40 30 0.0004
40 31 0.0004
40 32 -0.0004
40 33 -0.0004
40 34 -0.0004
40 35 -0.0004
40 36 0.0004
40 37 0.0004
40 38 -0.0004
40 39 -0.0004
40 40 -0.0004
40 41 -0.0004
40 42 -0.0004
40 43 0.0004
40 44 -0.0004
40 45 0.0004
40 46 -0.0004
40 47 0.0004
40 48 0.0004
40 49 0.0004
41 0 -0.0004
41 1 0.0004
41 2 -0.0004
41 3 -0.0004
41 4 -0.0004
41 5 -0.0004
41 6 0.0004
41 7 -0.0004
41 8 -0.0004
41 9 -0.0004
41 10 0.0004
41 11 0.0004
41 12 -0.0004
41 13 0.0004
41 14 -0.0004
41 15 -0.0004
41 16 -0.0004
41 17 -0.0004
41 18 -0.0004
41 19 0.0004
41 20 0.0004
41 21 -0.0004
41 22 0.0004
41 23 0.0004
41 24 0.0004
41 25 0.0004
41 26 -0.0004
41 27 -0.0004
41 28 0.0004
41 29 0.0004
41 30 0.0004
41 31 0.0004
41 32 0.0004
41 33 -0.0004
41 34 -0.0004
41 35 0.0004
41 36 -0.0004
41 37 -0.0004
41 38 0.0004
41 39 -0.0004
41 40 -0.0004
41 41 -0.0004
41 42 0.0004
41 43 -0.0004
41 44 0.0004
41 45 0.0004
41 46 -0.0004
41 47 -0.0004
41 48 0.0004
41 49 -0.0004
42 0 0.0004
42 1 0.0004
42 2 -0.0004
42 3 0.0004
42 4 -0.0004
42 5 0.0004
42 6 0.0004
42 7 0.0004
42 8 0.0004
42 9 -0.0004
42 10 0.0004
42 11 0.0004
42 12 0.0004
42 13 -0.0004
42 14 0.0004
42 15 0.0004
42 16 0.0004
42 17 0.0004
42 18 0.0004
42 19 -0.0004
42 20 0.0004
42 21 -0.0004
42 22 0.0004
42 23 -0.0004
42 24 0.0004
42 25 -0.0004
42 26 0.0004
42 27 -0.0004
42 28 0.0004
42 29 0.0004
42 30 0.0004
42 31 -0.0004
42 32 -0.0004
42 33 -0.0004
42 34 0.0004
42 35 -0.0004
42 36 0.0004
42 37 -0.0004
42 38 0.0004
42 39 0.0004
42 40 -0.0004
42 41 -0.0004
42 42 -0.0004
42 43 -0.0004
42 44 -0.0004
42 45 -0.0004
42 46 0.0004
42 47 0.0004
42 48 -0.0004
42 49 -0.0004
43 0 -0.0004
43 1 0.0004
43 2 0.0004
43 3 0.0004
43 4 -0.0004
43 5 0.0004
43 6 -0.0004
43 7 -0.0004
43 8 -0.0004
43 9 -0.0004
43 10 -0.0004
43 11 -0.0004
43 12 -0.0004
43 13 0.0004
43 14 -0.0004
43 15 -0.0004
43 16 0.0004
43 17 -0.0004
43 18 0.0004
43 19 -0.0004
43 20 0.0004
43 21 -0.0004
43 22 0.0004
43 23 0.0004
43 24 0.0004
43 25 0.0004
43 26 0.0004
43 27 -0.0004
43 28 0.0004
43 29 0.0004
43 30 -0.0004
43 31 0.0004
43 32 0.0004
43 33 0.0004
43 34 0.0004
43 35 -0.0004
43 36 -0.0004
43 37 -0.0004
43 38 -0.0004
43 39 -0.0004
43 40 0.0004
43 41 0.0004
43 42 -0.0004
43 43 0.0004
43 44 -0.0004
43 45 -0.0004
43 46 -0.0004
43 47 0.0004
43 48 0.0004
43 49 0.0004
44 0 0.0004
44 1 0.0004
44 2 -0.0004
44 3 0.0004
44 4 0.0004
44 5 0.0004
44 6 -0.0004
44 7 0.0004
44 8 0.0004
44 9 0.0004
44 10 -0.0004
44 11 0.0004
44 12 0.0004
44 13 -0.0004
44 14 0.0004
44 15 -0.0004
44 16 -0.0004
44 17 0.0004
44 18 -0.0004
44 19 -0.0004
44 20 -0.0004
44 21 -0.0004
44 22 -0.0004
44 23 -0.0004
44 24 0.0004
44 25 0.0004
44 26 -0.0004
44 27 0.0004
44 28 0.0004
44 29 0.0004
44 30 -0.0004
44 31 0.0004
44 32 -0.0004
44 33 0.0004
44 34 -0.0004
44 35 -0.0004
44 36 -0.0004
44 37 -0.0004
44 38 -0.0004
44 39 0.0004
44 40 -0.0004
44 41 -0.0004
44 42 0.0004
44 43 0.0004
44 44 0.0004
44 45 -0.0004
44 46 -0.0004
44 47 -0.0004
44 48 0.0004
44 49 0.0004
45 0 0.0004
45 1 0.0004
45 2 -0.0004
45 3 -0.0004
45 4 -0.0004
45 5 -0.0004
45 6 0.0004
45 7 -0.0004
45 8 -0.0004
45 9 -0.0004
45 10 -0.0004
45 11 -0.0004
45 12 -0.0004
45 13 0.0004
45 14 0.0004
45 15 0.0004
45 16 -0.0004
45 17 0.0004
45 18 0.0004
45 19 0.0004
45 20 -0.0004
45 21 -0.0004
45 22 0.0004
45 23 0.0004
45 24 -0.0004
45 25 -0.0004
45 26 -0.0004
45 27 0.0004
45 28 0.0004
45 29 -0.0004
45 30 0.0004
45 31 -0.0004
45 32 0.0004
45 33 0.0004
45 34 -0.0004
45 35 -0.0004
45 36 0.0004
45 37 0.0004
45 38 -0.0004
45 39 -0.0004
45 40 -0.0004
45 41 -0.0004
45 42 -0.0004
45 43 -0.0004
45 44 0.0004
45 45 0.0004
45 46 -0.0004
45 47 0.0004
45 48 0.0004
45 49 -0.0004
46 0 0.0004
46 1 -0.0004
46 2 -0.0004
46 3 0.0004
46 4 0.0004
46 5 0.0004
46 6 -0.0004
46 7 0.0004
46 8 0.0004
46 9 0.0004
46 10 0.0004
46 11 0.0004
46 12 0.0004
46 13 0.0004
46 14 -0.0004
46 15 -0.0004
46 16 -0.0004
46 17 -0.0004
46 18 0.0004
46 19 -0.0004
46 20 0.0004
46 21 -0.0004
46 22 -0.0004
46 23 -0.0004
46 24 -0.0004
46 25 0.0004
46 26 -0.0004
46 27 -0.0004
46 28 -0.0004
46 29 -0.0004
46 30 -0.0004
46 31 -0.0004
46 32 0.0004
46 33 -0.0004
46 34 -0.0004
46 35 0.0004
46 36 -0.0004
46 37 -0.0004
46 38 -0.0004
46 39 0.0004
46 40 -0.0004
46 41 -0.0004
46 42 -0.0004
46 43 -0.0004
46 44 0.0004
46 45 0.0004
46 46 0.0004
46 47 -0.0004
46 48 0.0004
46 49 0.0004
47 0 0.0004
47 1 -0.0004
47 2 0.0004
47 3 -0.0004
47 4 0.0004
47 5 -0.0004
47 6 -0.0004
47 7 0.0004
47 8 -0.0004
47 9 0.0004
47 10 0.0004
47 11 -0.0004
47 12 -0.0004
47 13 -0.0004
47 14 0.0004
47 15 -0.0004
47 16 0.0004
47 17 -0.0004
47 18 0.0004
47 19 0.0004
47 20 0.0004
47 21 0.0004
47 22 0.0004
47 23 0.0004
47 24 -0.0004
47 25 0.0004
47 26 -0.0004
47 27 0.0004
47 28 0.0004
47 29 0.0004
47 30 0.0004
47 31 0.0004
47 32 -0.0004
47 33 0.0004
47 34 -0.0004
47 35 -0.0004
47 36 0.0004
47 37 -0.0004
47 38 0.0004
47 39 0.0004
47 40 -0.0004
47 41 -0.0004
47 42 -0.0004
47 43 -0.0004
47 44 -0.0004
47 45 0.0004
47 46 -0.0004
47 47 -0.0004
47 48 -0.0004
47 49 0.0004
48 0 -0.0004
48 1 0.0004
48 2 -0.0004
48 3 -0.0004
48 4 0.0004
48 5 0.0004
48 6 0.0004
48 7 0.0004
48 8 0.0004
48 9 0.0004
48 10 -0.0004
48 11 0.0004
48 12 0.0004
48 13 -0.0004
48 14 0.0004
48 15 0.0004
48 16 0.0004
48 17 0.0004
48 18 0.0004
48 19 0.0004
48 20 -0.0004
48 21 0.0004
48 22 -0.0004
48 23 0.0004
48 24 -0.0004
48 25 0.0004
48 26 0.0004
48 27 -0.0004
48 28 -0.0004
48 29 -0.0004
48 30 -0.0004
48 31 0.0004
48 32 0.0004
48 33 0.0004
48 34 -0.0004
48 35 -0.0004
48 36 0.0004
48 37 0.0004
48 38 0.0004
48 39 0.0004
48 40 0.0004
48 41 -0.0004
48 42 -0.0004
48 43 -0.0004
48 44 0.0004
48 45 -0.0004
48 46 0.0004
48 47 0.0004
48 48 0.0004
48 49 0.0004
49 0 0.0004
49 1 0.0004
49 2 0.0004
49 3 -0.0004
49 4 0.0004
49 5 -0.0004
49 6 -0.0004
49 7 0.0004
49 8 -0.0004
49 9 0.0004
49 10 0.0004
49 11 0.0004
49 12 0.0004
49 13 0.0004
49 14 0.0004
49 15 -0.0004
49 16 0.0004
49 17 -0.0004
49 18 -0.0004
49 19 -0.0004
49 20 -0.0004
49 21 -0.0004
49 22 0.0004
49 23 0.0004
49 24 0.0004
49 25 0.0004
49 26 -0.0004
49 27 -0.0004
49 28 0.0004
49 29 -0.0004
49 30 0.0004
49 31 0.0004
49 32 0.0004
49 33 0.0004
49 34 -0.0004
49 35 -0.0004
49 36 -0.0004
49 37 0.0004
49 38 0.0004
49 39 -0.0004
49 40 0.0004
49 41 0.0004
49 42 -0.0004
49 43 -0.0004
49 44 0.0004
49 45 0.0004
49 46 -0.0004
49 47 -0.0004
49 48 -0.0004
49 49 0.0004
