0 0.000144
1 0.000144
2 0.000144
3 0.000144
4 0.000144
5 0.000144
6 0.000144
7 0.000144
8 0.000144
9 0.000144
10 0.000144
11 0.000144
12 0.000144
13 0.000144
14 0.000144
15 0.000144
16 0.000144
17 0.000144
18 0.000144
19 0.000144
20 0.000144
21 0.000144
22 0.000144
23 0.000144
24 0.000144
25 0.000144
26 0.000144
27 0.000144
28 0.000143999
29 0.000143999
30 0.000143999
31 0.000143998
32 0.000143998
33 0.000143997
34 0.000143996
35 0.000143995
36 0.000143993
37 0.000143991
38 0.000143989
39 0.000143986
40 0.000143982
41 0.000143978
42 0.000143973
43 0.000143968
44 0.000143962
45 0.000143955
46 0.000143947
47 0.000143938
48 0.000143927
49 0.000143916
50 0.000143904
51 0.000143891
52 0.000143876
53 0.000143859
54 0.000143841
55 0.000143821
56 0.000143798
57 0.000143774
58 0.000143748
59 0.000143723
60 0.000143695
61 0.000143665
62 0.000143633
63 0.000143599
64 0.000143562
65 0.000143523
66 0.000143481
67 0.000143437
68 0.000143391
69 0.000143342
70 0.000143291
71 0.000143237
72 0.000143181
73 0.000143124
74 0.000143066
75 0.000143005
76 0.000142941
77 0.000142874
78 0.000142805
79 0.000142733
80 0.000142658
81 0.000142581
82 0.000142501
83 0.000142419
84 0.000142336
85 0.000142249
86 0.00014216
87 0.000142068
88 0.000141973
89 0.000141876
90 0.000141776
91 0.000141674
92 0.000141569
93 0.000141461
94 0.000141351
95 0.000141238
96 0.000141123
97 0.000141005
98 0.000140884
99 0.000140763
100 0.000140639
101 0.000140515
102 0.000140389
103 0.000140261
104 0.000140131
105 0.000139998
106 0.000139863
107 0.000139726
108 0.000139587
109 0.000139445
110 0.000139302
111 0.000139156
112 0.000139008
113 0.000138857
114 0.000138705
115 0.000138551
116 0.000138395
117 0.000138237
118 0.000138078
119 0.000137919
120 0.000137757
121 0.000137594
122 0.000137429
123 0.000137262
124 0.000137093
125 0.000136923
126 0.000136751
127 0.000136577
128 0.000136402
129 0.000136225
130 0.000136046
131 0.000135866
132 0.000135684
133 0.000135501
134 0.000135317
135 0.000135131
136 0.000134943
137 0.000134754
138 0.000134564
139 0.000134372
140 0.000134179
141 0.000133986
142 0.000133793
143 0.000133599
144 0.000133404
145 0.000133207
146 0.000133009
147 0.000132811
148 0.000132611
149 0.00013241
150 0.000132208
151 0.000132005
152 0.000131801
153 0.000131596
154 0.00013139
155 0.000131183
156 0.000130975
157 0.000130766
158 0.000130556
159 0.000130346
160 0.000130135
161 0.000129922
162 0.000129709
163 0.000129496
164 0.000129281
165 0.000129066
166 0.00012885
167 0.000128633
168 0.000128416
169 0.000128199
170 0.000127983
171 0.000127766
172 0.000127549
173 0.000127331
174 0.000127113
175 0.000126893
176 0.000126674
177 0.000126454
178 0.000126233
179 0.000126012
180 0.00012579
181 0.000125568
182 0.000125346
183 0.000125123
184 0.000124899
185 0.000124675
186 0.000124451
187 0.000124227
188 0.000124002
189 0.000123776
190 0.000123551
191 0.000123325
192 0.000123098
193 0.000122872
194 0.000122645
195 0.000122418
196 0.00012219
197 0.000121963
198 0.000121735
199 0.000121507
200 0.000121278
201 0.00012105
202 0.000120823
203 0.000120597
204 0.00012037
205 0.000120143
206 0.000119916
207 0.000119689
208 0.000119461
209 0.000119234
210 0.000119006
211 0.000118778
212 0.000118551
213 0.000118323
214 0.000118095
215 0.000117867
216 0.000117639
217 0.00011741
218 0.000117182
219 0.000116954
220 0.000116726
221 0.000116497
222 0.000116269
223 0.00011604
224 0.000115812
225 0.000115584
226 0.000115355
227 0.000115127
228 0.000114899
229 0.00011467
230 0.000114442
231 0.000114214
232 0.000113986
233 0.000113758
234 0.00011353
235 0.000113302
236 0.000113074
237 0.000112846
238 0.000112618
239 0.00011239
240 0.000112164
241 0.000111939
242 0.000111714
243 0.000111488
244 0.000111263
245 0.000111039
246 0.000110814
247 0.000110589
248 0.000110365
249 0.00011014
250 0.000109916
251 0.000109692
252 0.000109468
253 0.000109245
254 0.000109021
255 0.000108798
256 0.000108574
257 0.000108351
258 0.000108128
259 0.000107906
260 0.000107683
261 0.000107461
262 0.000107239
263 0.000107017
264 0.000106795
265 0.000106573
266 0.000106352
267 0.000106131
268 0.00010591
269 0.000105689
270 0.000105469
271 0.000105249
272 0.000105029
273 0.000104809
274 0.000104589
275 0.00010437
276 0.000104151
277 0.000103932
278 0.000103713
279 0.000103495
280 0.000103276
281 0.000103059
282 0.000102841
283 0.000102623
284 0.000102406
285 0.00010219
286 0.000101975
287 0.000101761
288 0.000101546
289 0.000101332
290 0.000101119
291 0.000100905
292 0.000100692
293 0.000100479
294 0.000100266
295 0.000100054
296 9.98417e-05
297 9.96299e-05
298 9.94183e-05
299 9.9207e-05
300 9.8996e-05
301 9.87853e-05
302 9.85749e-05
303 9.83648e-05
304 9.81549e-05
305 9.79453e-05
306 9.77361e-05
307 9.75271e-05
308 9.73184e-05
309 9.711e-05
310 9.69019e-05
311 9.66942e-05
312 9.64867e-05
313 9.62795e-05
314 9.60726e-05
315 9.5866e-05
316 9.56597e-05
317 9.54538e-05
318 9.52481e-05
319 9.50428e-05
320 9.48377e-05
321 9.4633e-05
322 9.44285e-05
323 9.42244e-05
324 9.40206e-05
325 9.38171e-05
326 9.3614e-05
327 9.34111e-05
328 9.32086e-05
329 9.30063e-05
330 9.28044e-05
331 9.26029e-05
332 9.24016e-05
333 9.22006e-05
334 9.2e-05
335 9.17997e-05
336 9.15997e-05
337 9.14001e-05
338 9.12007e-05
339 9.10017e-05
340 9.08044e-05
341 9.06075e-05
342 9.04109e-05
343 9.02147e-05
344 9.00188e-05
345 8.98232e-05
346 8.9628e-05
347 8.9433e-05
348 8.92384e-05
349 8.90441e-05
350 8.88502e-05
351 8.86565e-05
352 8.84632e-05
353 8.82703e-05
354 8.80776e-05
355 8.78853e-05
356 8.76933e-05
357 8.75016e-05
358 8.73103e-05
359 8.71193e-05
360 8.69286e-05
361 8.67382e-05
362 8.65482e-05
363 8.63585e-05
364 8.61691e-05
365 8.59801e-05
366 8.57914e-05
367 8.5603e-05
368 8.5415e-05
369 8.52273e-05
370 8.50399e-05
371 8.48529e-05
372 8.46661e-05
373 8.44797e-05
374 8.42937e-05
375 8.4108e-05
376 8.39226e-05
377 8.37375e-05
378 8.35528e-05
379 8.33684e-05
380 8.31843e-05
381 8.30006e-05
382 8.28172e-05
383 8.26342e-05
384 8.24514e-05
385 8.2269e-05
386 8.2087e-05
387 8.19052e-05
388 8.17238e-05
389 8.15428e-05
390 8.1362e-05
391 8.11816e-05
392 8.10015e-05
393 8.08218e-05
394 8.06424e-05
395 8.04633e-05
396 8.02846e-05
397 8.01062e-05
398 7.99281e-05
399 7.97504e-05
400 7.95729e-05
401 7.93959e-05
402 7.92191e-05
403 7.90427e-05
404 7.88666e-05
405 7.86908e-05
406 7.85154e-05
407 7.83404e-05
408 7.81667e-05
409 7.79934e-05
410 7.78204e-05
411 7.76477e-05
412 7.74753e-05
413 7.73033e-05
414 7.71316e-05
415 7.69602e-05
416 7.67891e-05
417 7.66184e-05
418 7.64479e-05
419 7.62779e-05
420 7.61081e-05
421 7.59386e-05
422 7.57695e-05
423 7.56007e-05
424 7.54323e-05
425 7.52641e-05
426 7.50963e-05
427 7.49288e-05
428 7.47616e-05
429 7.45947e-05
430 7.44282e-05
431 7.4262e-05
432 7.40961e-05
433 7.39305e-05
434 7.37652e-05
435 7.36003e-05
436 7.34357e-05
437 7.32714e-05
438 7.31074e-05
439 7.29437e-05
440 7.27804e-05
441 7.26174e-05
442 7.24547e-05
443 7.22923e-05
444 7.21302e-05
445 7.19685e-05
446 7.1807e-05
447 7.16459e-05
448 7.14851e-05
449 7.13246e-05
450 7.11645e-05
451 7.10046e-05
452 7.08451e-05
453 7.06859e-05
454 7.0527e-05
455 7.03684e-05
456 7.02101e-05
457 7.00521e-05
458 6.98945e-05
459 6.97372e-05
460 6.95801e-05
461 6.94234e-05
462 6.9267e-05
463 6.91109e-05
464 6.89552e-05
465 6.87997e-05
466 6.86445e-05
467 6.84897e-05
468 6.83352e-05
469 6.81809e-05
470 6.8027e-05
471 6.78734e-05
472 6.77201e-05
473 6.75671e-05
474 6.74144e-05
475 6.72621e-05
476 6.711e-05
477 6.69582e-05
478 6.68068e-05
479 6.66556e-05
480 6.65048e-05
481 6.63542e-05
482 6.6204e-05
483 6.60541e-05
484 6.59044e-05
485 6.57551e-05
486 6.56061e-05
487 6.54574e-05
488 6.5309e-05
489 6.51609e-05
490 6.50131e-05
491 6.48655e-05
492 6.47183e-05
493 6.45714e-05
494 6.44248e-05
495 6.42785e-05
496 6.41325e-05
497 6.39868e-05
498 6.38414e-05
499 6.36966e-05
500 6.35525e-05
501 6.34086e-05
502 6.32651e-05
503 6.31218e-05
504 6.29789e-05
505 6.28362e-05
506 6.26938e-05
507 6.25517e-05
508 6.24099e-05
509 6.22684e-05
510 6.21272e-05
511 6.19863e-05
512 6.18456e-05
513 6.17053e-05
514 6.15652e-05
515 6.14254e-05
516 6.12859e-05
517 6.11467e-05
518 6.10078e-05
519 6.08692e-05
520 6.07308e-05
521 6.05928e-05
522 6.0455e-05
523 6.03175e-05
524 6.01803e-05
525 6.00433e-05
526 5.99067e-05
527 5.97703e-05
528 5.96342e-05
529 5.94984e-05
530 5.93629e-05
531 5.92277e-05
532 5.90927e-05
533 5.89581e-05
534 5.88237e-05
535 5.86895e-05
536 5.85557e-05
537 5.84221e-05
538 5.82889e-05
539 5.81558e-05
540 5.80231e-05
541 5.78907e-05
542 5.77585e-05
543 5.76266e-05
544 5.7495e-05
545 5.73636e-05
546 5.72325e-05
547 5.71017e-05
548 5.69712e-05
549 5.68409e-05
550 5.67109e-05
551 5.65812e-05
552 5.64518e-05
553 5.63226e-05
554 5.61937e-05
555 5.60651e-05
556 5.59367e-05
557 5.58087e-05
558 5.56808e-05
559 5.55533e-05
560 5.5426e-05
561 5.5299e-05
562 5.51722e-05
563 5.50458e-05
564 5.49196e-05
565 5.47936e-05
566 5.46679e-05
567 5.45425e-05
568 5.44174e-05
569 5.42925e-05
570 5.41678e-05
571 5.40435e-05
572 5.39194e-05
573 5.37956e-05
574 5.3672e-05
575 5.35487e-05
576 5.34256e-05
577 5.33028e-05
578 5.31803e-05
579 5.30581e-05
580 5.29361e-05
581 5.28143e-05
582 5.26928e-05
583 5.25716e-05
584 5.24506e-05
585 5.23299e-05
586 5.22094e-05
587 5.20892e-05
588 5.19693e-05
589 5.18496e-05
590 5.17302e-05
591 5.1611e-05
592 5.14921e-05
593 5.13734e-05
594 5.1255e-05
595 5.11368e-05
596 5.10189e-05
597 5.09013e-05
598 5.07838e-05
599 5.06667e-05
600 5.05498e-05
601 5.04331e-05
602 5.03167e-05
603 5.02006e-05
604 5.00847e-05
605 4.9969e-05
606 4.98536e-05
607 4.97384e-05
608 4.96235e-05
609 4.95089e-05
610 4.93944e-05
611 4.92803e-05
612 4.91664e-05
613 4.90527e-05
614 4.89392e-05
615 4.8826e-05
616 4.87131e-05
617 4.86004e-05
618 4.84879e-05
619 4.83757e-05
620 4.82637e-05
621 4.8152e-05
622 4.80405e-05
623 4.79293e-05
624 4.78182e-05
625 4.77075e-05
626 4.75969e-05
627 4.74867e-05
628 4.73766e-05
629 4.72668e-05
630 4.71572e-05
631 4.70479e-05
632 4.69388e-05
633 4.68299e-05
634 4.67213e-05
635 4.66129e-05
636 4.65047e-05
637 4.63968e-05
638 4.62891e-05
639 4.61817e-05
640 4.60744e-05
641 4.59675e-05
642 4.58607e-05
643 4.57542e-05
644 4.56479e-05
645 4.55418e-05
646 4.5436e-05
647 4.53304e-05
648 4.5225e-05
649 4.51199e-05
650 4.50152e-05
651 4.49109e-05
652 4.48067e-05
653 4.47027e-05
654 4.4599e-05
655 4.44955e-05
656 4.43923e-05
657 4.42892e-05
658 4.41864e-05
659 4.40838e-05
660 4.39814e-05
661 4.38793e-05
662 4.37774e-05
663 4.36756e-05
664 4.35742e-05
665 4.34729e-05
666 4.33719e-05
667 4.3271e-05
668 4.31704e-05
669 4.30701e-05
670 4.29699e-05
671 4.287e-05
672 4.27702e-05
673 4.26707e-05
674 4.25714e-05
675 4.24724e-05
676 4.23735e-05
677 4.22749e-05
678 4.21764e-05
679 4.20782e-05
680 4.19802e-05
681 4.18825e-05
682 4.17849e-05
683 4.16875e-05
684 4.15904e-05
685 4.14935e-05
686 4.13968e-05
687 4.13003e-05
688 4.1204e-05
689 4.11079e-05
690 4.1012e-05
691 4.09164e-05
692 4.0821e-05
693 4.07257e-05
694 4.06307e-05
695 4.05359e-05
696 4.04413e-05
697 4.03469e-05
698 4.02527e-05
699 4.01587e-05
700 4.00649e-05
701 3.99714e-05
702 3.9878e-05
703 3.97848e-05
704 3.96919e-05
705 3.95992e-05
706 3.95066e-05
707 3.94143e-05
708 3.93221e-05
709 3.92302e-05
710 3.91385e-05
711 3.9047e-05
712 3.89556e-05
713 3.88645e-05
714 3.87736e-05
715 3.86829e-05
716 3.85924e-05
717 3.85021e-05
718 3.8412e-05
719 3.8322e-05
720 3.82323e-05
721 3.81428e-05
722 3.80535e-05
723 3.79644e-05
724 3.78755e-05
725 3.77867e-05
726 3.76982e-05
727 3.76099e-05
728 3.75217e-05
729 3.74338e-05
730 3.73461e-05
731 3.72585e-05
732 3.71712e-05
733 3.7084e-05
734 3.69971e-05
735 3.69103e-05
736 3.68237e-05
737 3.67373e-05
738 3.66511e-05
739 3.65651e-05
740 3.64793e-05
741 3.63937e-05
742 3.63083e-05
743 3.6223e-05
744 3.6138e-05
745 3.60531e-05
746 3.59685e-05
747 3.5884e-05
748 3.57997e-05
749 3.57156e-05
750 3.56317e-05
751 3.5548e-05
752 3.54644e-05
753 3.53811e-05
754 3.52979e-05
755 3.5215e-05
756 3.51322e-05
757 3.50496e-05
758 3.49671e-05
759 3.48849e-05
760 3.48028e-05
761 3.4721e-05
762 3.46393e-05
763 3.45578e-05
764 3.44765e-05
765 3.43953e-05
766 3.43144e-05
767 3.42336e-05
768 3.4153e-05
769 3.40726e-05
770 3.39924e-05
771 3.39123e-05
772 3.38325e-05
773 3.37528e-05
774 3.36733e-05
775 3.35939e-05
776 3.35148e-05
777 3.34358e-05
778 3.3357e-05
779 3.32784e-05
780 3.31999e-05
781 3.31217e-05
782 3.30436e-05
783 3.29657e-05
784 3.28879e-05
785 3.28104e-05
786 3.2733e-05
787 3.26558e-05
788 3.25787e-05
789 3.25019e-05
790 3.24252e-05
791 3.23486e-05
792 3.22723e-05
793 3.21961e-05
794 3.21201e-05
795 3.20443e-05
796 3.19686e-05
797 3.18931e-05
798 3.18178e-05
799 3.17427e-05
800 3.16677e-05
801 3.15929e-05
802 3.15183e-05
803 3.14438e-05
804 3.13695e-05
805 3.12954e-05
806 3.12214e-05
807 3.11476e-05
808 3.1074e-05
809 3.10005e-05
810 3.09272e-05
811 3.08541e-05
812 3.07811e-05
813 3.07083e-05
814 3.06357e-05
815 3.05632e-05
816 3.04909e-05
817 3.04188e-05
818 3.03468e-05
819 3.0275e-05
820 3.02033e-05
821 3.01318e-05
822 3.00605e-05
823 2.99894e-05
824 2.99184e-05
825 2.98475e-05
826 2.97768e-05
827 2.97063e-05
828 2.9636e-05
829 2.95658e-05
830 2.94957e-05
831 2.94259e-05
832 2.93561e-05
833 2.92866e-05
834 2.92172e-05
835 2.91479e-05
836 2.90789e-05
837 2.90099e-05
838 2.89412e-05
839 2.88725e-05
840 2.88041e-05
841 2.87358e-05
842 2.86676e-05
843 2.85996e-05
844 2.85318e-05
845 2.84641e-05
846 2.83966e-05
847 2.83292e-05
848 2.8262e-05
849 2.8195e-05
850 2.81281e-05
851 2.80613e-05
852 2.79947e-05
853 2.79282e-05
854 2.78619e-05
855 2.77958e-05
856 2.77298e-05
857 2.7664e-05
858 2.75983e-05
859 2.75327e-05
860 2.74673e-05
861 2.74021e-05
862 2.7337e-05
863 2.7272e-05
864 2.72072e-05
865 2.71426e-05
866 2.70781e-05
867 2.70137e-05
868 2.69495e-05
869 2.68855e-05
870 2.68216e-05
871 2.67578e-05
872 2.66942e-05
873 2.66307e-05
874 2.65674e-05
875 2.65042e-05
876 2.64412e-05
877 2.63783e-05
878 2.63155e-05
879 2.62529e-05
880 2.61905e-05
881 2.61281e-05
882 2.6066e-05
883 2.60039e-05
884 2.59421e-05
885 2.58803e-05
886 2.58187e-05
887 2.57573e-05
888 2.56959e-05
889 2.56348e-05
890 2.55737e-05
891 2.55128e-05
892 2.54521e-05
893 2.53915e-05
894 2.5331e-05
895 2.52706e-05
896 2.52104e-05
897 2.51504e-05
898 2.50905e-05
899 2.50307e-05
900 2.4971e-05
901 2.49115e-05
902 2.48522e-05
903 2.47929e-05
904 2.47338e-05
905 2.46749e-05
906 2.46161e-05
907 2.45574e-05
908 2.44988e-05
909 2.44404e-05
910 2.43821e-05
911 2.4324e-05
912 2.42659e-05
913 2.42081e-05
914 2.41503e-05
915 2.40927e-05
916 2.40352e-05
917 2.39779e-05
918 2.39207e-05
919 2.38636e-05
920 2.38066e-05
921 2.37498e-05
922 2.36931e-05
923 2.36366e-05
924 2.35802e-05
925 2.35239e-05
926 2.34677e-05
927 2.34117e-05
928 2.33558e-05
929 2.33e-05
930 2.32444e-05
931 2.31888e-05
932 2.31335e-05
933 2.30782e-05
934 2.30231e-05
935 2.29681e-05
936 2.29132e-05
937 2.28584e-05
938 2.28038e-05
939 2.27493e-05
940 2.2695e-05
941 2.26407e-05
942 2.25866e-05
943 2.25326e-05
944 2.24788e-05
945 2.2425e-05
946 2.23714e-05
947 2.23179e-05
948 2.22646e-05
949 2.22113e-05
950 2.21582e-05
951 2.21052e-05
952 2.20523e-05
953 2.19996e-05
954 2.1947e-05
955 2.18945e-05
956 2.18421e-05
957 2.17898e-05
958 2.17377e-05
959 2.16857e-05
960 2.16338e-05
961 2.1582e-05
962 2.15303e-05
963 2.14788e-05
964 2.14274e-05
965 2.13761e-05
966 2.13249e-05
967 2.12739e-05
968 2.12229e-05
969 2.11721e-05
970 2.11214e-05
971 2.10708e-05
972 2.10204e-05
973 2.097e-05
974 2.09198e-05
975 2.08697e-05
976 2.08197e-05
977 2.07698e-05
978 2.07201e-05
979 2.06704e-05
980 2.06209e-05
981 2.05715e-05
982 2.05222e-05
983 2.0473e-05
984 2.04239e-05
985 2.0375e-05
986 2.03261e-05
987 2.02774e-05
988 2.02288e-05
989 2.01803e-05
990 2.01319e-05
991 2.00836e-05
992 2.00355e-05
993 1.99874e-05
994 1.99395e-05
995 1.98917e-05
996 1.9844e-05
997 1.97964e-05
998 1.97489e-05
999 1.97015e-05
1000 1.96543e-05
1001 1.96071e-05
1002 1.95601e-05
1003 1.95131e-05
1004 1.94663e-05
1005 1.94196e-05
1006 1.9373e-05
1007 1.93265e-05
1008 1.92801e-05
1009 1.92338e-05
1010 1.91876e-05
1011 1.91416e-05
1012 1.90956e-05
1013 1.90498e-05
1014 1.9004e-05
1015 1.89584e-05
1016 1.89129e-05
1017 1.88675e-05
1018 1.88222e-05
1019 1.8777e-05
1020 1.87319e-05
1021 1.86869e-05
1022 1.8642e-05
1023 1.85972e-05
1024 1.85525e-05
1025 1.85079e-05
1026 1.84635e-05
1027 1.84191e-05
1028 1.83749e-05
1029 1.83307e-05
1030 1.82867e-05
1031 1.82427e-05
1032 1.81989e-05
1033 1.81551e-05
1034 1.81115e-05
1035 1.80679e-05
1036 1.80245e-05
1037 1.79812e-05
1038 1.79379e-05
1039 1.78948e-05
1040 1.78518e-05
1041 1.78089e-05
1042 1.7766e-05
1043 1.77233e-05
1044 1.76807e-05
1045 1.76382e-05
1046 1.75957e-05
1047 1.75534e-05
1048 1.75112e-05
1049 1.74691e-05
1050 1.7427e-05
1051 1.73851e-05
1052 1.73433e-05
1053 1.73016e-05
1054 1.72599e-05
1055 1.72184e-05
1056 1.7177e-05
1057 1.71356e-05
1058 1.70944e-05
1059 1.70532e-05
1060 1.70122e-05
1061 1.69712e-05
1062 1.69304e-05
1063 1.68896e-05
1064 1.6849e-05
1065 1.68084e-05
1066 1.67679e-05
1067 1.67276e-05
1068 1.66873e-05
1069 1.66471e-05
1070 1.6607e-05
1071 1.6567e-05
1072 1.65271e-05
1073 1.64873e-05
1074 1.64476e-05
1075 1.6408e-05
1076 1.63684e-05
1077 1.6329e-05
1078 1.62897e-05
1079 1.62504e-05
1080 1.62113e-05
1081 1.61722e-05
1082 1.61333e-05
1083 1.60944e-05
1084 1.60556e-05
1085 1.60169e-05
1086 1.59783e-05
1087 1.59398e-05
1088 1.59014e-05
1089 1.5863e-05
1090 1.58248e-05
1091 1.57867e-05
1092 1.57486e-05
1093 1.57106e-05
1094 1.56727e-05
1095 1.5635e-05
1096 1.55973e-05
1097 1.55597e-05
1098 1.55221e-05
1099 1.54847e-05
1100 1.54474e-05
1101 1.54101e-05
1102 1.53729e-05
1103 1.53359e-05
1104 1.52989e-05
1105 1.5262e-05
1106 1.52251e-05
1107 1.51884e-05
1108 1.51518e-05
1109 1.51152e-05
1110 1.50787e-05
1111 1.50424e-05
1112 1.50061e-05
1113 1.49699e-05
1114 1.49337e-05
1115 1.48977e-05
1116 1.48617e-05
1117 1.48259e-05
1118 1.47901e-05
1119 1.47544e-05
1120 1.47188e-05
1121 1.46832e-05
1122 1.46478e-05
1123 1.46124e-05
1124 1.45772e-05
1125 1.4542e-05
1126 1.45069e-05
1127 1.44718e-05
1128 1.44369e-05
1129 1.4402e-05
1130 1.43672e-05
1131 1.43325e-05
1132 1.42979e-05
1133 1.42634e-05
1134 1.4229e-05
1135 1.41946e-05
1136 1.41603e-05
1137 1.41261e-05
1138 1.4092e-05
1139 1.40579e-05
1140 1.4024e-05
1141 1.39901e-05
1142 1.39563e-05
1143 1.39226e-05
1144 1.38889e-05
1145 1.38554e-05
1146 1.38219e-05
1147 1.37885e-05
1148 1.37552e-05
1149 1.37219e-05
1150 1.36887e-05
1151 1.36557e-05
1152 1.36227e-05
1153 1.35897e-05
1154 1.35569e-05
1155 1.35241e-05
1156 1.34914e-05
1157 1.34588e-05
1158 1.34263e-05
1159 1.33938e-05
1160 1.33614e-05
1161 1.33291e-05
1162 1.32969e-05
1163 1.32647e-05
1164 1.32326e-05
1165 1.32006e-05
1166 1.31687e-05
1167 1.31369e-05
1168 1.31051e-05
1169 1.30734e-05
1170 1.30418e-05
1171 1.30102e-05
1172 1.29788e-05
1173 1.29474e-05
1174 1.2916e-05
1175 1.28848e-05
1176 1.28536e-05
1177 1.28225e-05
1178 1.27915e-05
1179 1.27605e-05
1180 1.27297e-05
1181 1.26989e-05
1182 1.26681e-05
1183 1.26375e-05
1184 1.26069e-05
1185 1.25764e-05
1186 1.2546e-05
1187 1.25156e-05
1188 1.24853e-05
1189 1.24551e-05
1190 1.24249e-05
1191 1.23948e-05
1192 1.23648e-05
1193 1.23349e-05
1194 1.2305e-05
1195 1.22753e-05
1196 1.22455e-05
1197 1.22159e-05
1198 1.21863e-05
1199 1.21568e-05
1200 1.21274e-05
1201 1.2098e-05
1202 1.20687e-05
1203 1.20395e-05
1204 1.20103e-05
1205 1.19812e-05
1206 1.19522e-05
1207 1.19233e-05
1208 1.18944e-05
1209 1.18656e-05
1210 1.18368e-05
1211 1.18081e-05
1212 1.17795e-05
1213 1.1751e-05
1214 1.17225e-05
1215 1.16941e-05
1216 1.16658e-05
1217 1.16375e-05
1218 1.16093e-05
1219 1.15812e-05
1220 1.15531e-05
1221 1.15251e-05
1222 1.14972e-05
1223 1.14694e-05
1224 1.14416e-05
1225 1.14138e-05
1226 1.13862e-05
1227 1.13586e-05
1228 1.1331e-05
1229 1.13036e-05
1230 1.12762e-05
1231 1.12488e-05
1232 1.12216e-05
1233 1.11944e-05
1234 1.11672e-05
1235 1.11402e-05
1236 1.11131e-05
1237 1.10862e-05
1238 1.10593e-05
1239 1.10325e-05
1240 1.10058e-05
1241 1.09791e-05
1242 1.09524e-05
1243 1.09259e-05
1244 1.08994e-05
1245 1.08729e-05
1246 1.08466e-05
1247 1.08203e-05
1248 1.0794e-05
1249 1.07678e-05
1250 1.07417e-05
1251 1.07157e-05
1252 1.06897e-05
1253 1.06637e-05
1254 1.06379e-05
1255 1.06121e-05
1256 1.05863e-05
1257 1.05606e-05
1258 1.0535e-05
1259 1.05095e-05
1260 1.0484e-05
1261 1.04585e-05
1262 1.04331e-05
1263 1.04078e-05
1264 1.03826e-05
1265 1.03574e-05
1266 1.03322e-05
1267 1.03072e-05
1268 1.02822e-05
1269 1.02572e-05
1270 1.02323e-05
1271 1.02075e-05
1272 1.01827e-05
1273 1.0158e-05
1274 1.01333e-05
1275 1.01087e-05
1276 1.00842e-05
1277 1.00597e-05
1278 1.00353e-05
1279 1.00109e-05
1280 9.98661e-06
1281 9.96236e-06
1282 9.93818e-06
1283 9.91405e-06
1284 9.88997e-06
1285 9.86596e-06
1286 9.842e-06
1287 9.8181e-06
1288 9.79426e-06
1289 9.77048e-06
1290 9.74675e-06
1291 9.72308e-06
1292 9.69946e-06
1293 9.67591e-06
1294 9.6524e-06
1295 9.62896e-06
1296 9.60557e-06
1297 9.58224e-06
1298 9.55896e-06
1299 9.53574e-06
1300 9.51258e-06
1301 9.48947e-06
1302 9.46642e-06
1303 9.44342e-06
1304 9.42048e-06
1305 9.39759e-06
1306 9.37476e-06
1307 9.35198e-06
1308 9.32926e-06
1309 9.30659e-06
1310 9.28397e-06
1311 9.26141e-06
1312 9.23891e-06
1313 9.21646e-06
1314 9.19406e-06
1315 9.17172e-06
1316 9.14943e-06
1317 9.12719e-06
1318 9.10501e-06
1319 9.08288e-06
1320 9.0608e-06
1321 9.03878e-06
1322 9.01681e-06
1323 8.99489e-06
1324 8.97303e-06
1325 8.95121e-06
1326 8.92945e-06
1327 8.90775e-06
1328 8.88609e-06
1329 8.86449e-06
1330 8.84294e-06
1331 8.82144e-06
1332 8.79999e-06
1333 8.77859e-06
1334 8.75725e-06
1335 8.73595e-06
1336 8.71471e-06
1337 8.69352e-06
1338 8.67238e-06
1339 8.65129e-06
1340 8.63025e-06
1341 8.60927e-06
1342 8.58833e-06
1343 8.56744e-06
1344 8.54661e-06
1345 8.52582e-06
1346 8.50508e-06
1347 8.4844e-06
1348 8.46376e-06
1349 8.44317e-06
1350 8.42263e-06
1351 8.40215e-06
1352 8.38171e-06
1353 8.36132e-06
1354 8.34098e-06
1355 8.32069e-06
1356 8.30044e-06
1357 8.28025e-06
1358 8.26011e-06
1359 8.24001e-06
1360 8.21996e-06
1361 8.19996e-06
1362 8.18001e-06
1363 8.16011e-06
1364 8.14025e-06
1365 8.12044e-06
1366 8.10068e-06
1367 8.08097e-06
1368 8.0613e-06
1369 8.04169e-06
1370 8.02212e-06
1371 8.00259e-06
1372 7.98312e-06
1373 7.96369e-06
1374 7.9443e-06
1375 7.92497e-06
1376 7.90568e-06
1377 7.88644e-06
1378 7.86724e-06
1379 7.84809e-06
1380 7.82899e-06
1381 7.80993e-06
1382 7.79092e-06
1383 7.77195e-06
1384 7.75303e-06
1385 7.73416e-06
1386 7.71533e-06
1387 7.69654e-06
1388 7.67781e-06
1389 7.65911e-06
1390 7.64046e-06
1391 7.62186e-06
1392 7.6033e-06
1393 7.58479e-06
1394 7.56632e-06
1395 7.5479e-06
1396 7.52952e-06
1397 7.51118e-06
1398 7.49289e-06
1399 7.47464e-06
1400 7.45644e-06
1401 7.43828e-06
1402 7.42017e-06
1403 7.4021e-06
1404 7.38407e-06
1405 7.36608e-06
1406 7.34814e-06
1407 7.33024e-06
1408 7.31239e-06
1409 7.29458e-06
1410 7.27681e-06
1411 7.25908e-06
1412 7.2414e-06
1413 7.22376e-06
1414 7.20616e-06
1415 7.18861e-06
1416 7.1711e-06
1417 7.15363e-06
1418 7.1362e-06
1419 7.11881e-06
1420 7.10147e-06
1421 7.08417e-06
1422 7.06691e-06
1423 7.04969e-06
1424 7.03251e-06
1425 7.01538e-06
1426 6.99828e-06
1427 6.98123e-06
1428 6.96422e-06
1429 6.94725e-06
1430 6.93032e-06
1431 6.91343e-06
1432 6.89658e-06
1433 6.87977e-06
1434 6.86301e-06
1435 6.84628e-06
1436 6.8296e-06
1437 6.81295e-06
1438 6.79635e-06
1439 6.77978e-06
1440 6.76326e-06
1441 6.74677e-06
1442 6.73033e-06
1443 6.71392e-06
1444 6.69756e-06
1445 6.68123e-06
1446 6.66494e-06
1447 6.6487e-06
1448 6.63249e-06
1449 6.61632e-06
1450 6.60019e-06
1451 6.5841e-06
1452 6.56805e-06
1453 6.55204e-06
1454 6.53606e-06
1455 6.52013e-06
1456 6.50423e-06
1457 6.48837e-06
1458 6.47255e-06
1459 6.45677e-06
1460 6.44103e-06
1461 6.42532e-06
1462 6.40965e-06
1463 6.39402e-06
1464 6.37843e-06
1465 6.36288e-06
1466 6.34736e-06
1467 6.33188e-06
1468 6.31644e-06
1469 6.30104e-06
1470 6.28567e-06
1471 6.27034e-06
1472 6.25505e-06
1473 6.23979e-06
1474 6.22457e-06
1475 6.20939e-06
1476 6.19425e-06
1477 6.17914e-06
1478 6.16407e-06
1479 6.14903e-06
1480 6.13403e-06
1481 6.11907e-06
1482 6.10414e-06
1483 6.08925e-06
1484 6.0744e-06
1485 6.05958e-06
1486 6.0448e-06
1487 6.03005e-06
1488 6.01534e-06
1489 6.00067e-06
1490 5.98603e-06
1491 5.97142e-06
1492 5.95685e-06
1493 5.94232e-06
1494 5.92782e-06
1495 5.91336e-06
1496 5.89893e-06
1497 5.88454e-06
1498 5.87018e-06
1499 5.85585e-06
1500 5.84156e-06
1501 5.82731e-06
1502 5.81309e-06
1503 5.79891e-06
1504 5.78475e-06
1505 5.77064e-06
1506 5.75656e-06
1507 5.74251e-06
1508 5.72849e-06
1509 5.71451e-06
1510 5.70057e-06
1511 5.68665e-06
1512 5.67277e-06
1513 5.65893e-06
1514 5.64512e-06
1515 5.63134e-06
1516 5.61759e-06
1517 5.60388e-06
1518 5.5902e-06
1519 5.57656e-06
1520 5.56295e-06
1521 5.54937e-06
1522 5.53582e-06
1523 5.52231e-06
1524 5.50883e-06
1525 5.49538e-06
1526 5.48197e-06
1527 5.46858e-06
1528 5.45523e-06
1529 5.44191e-06
1530 5.42863e-06
1531 5.41538e-06
1532 5.40215e-06
1533 5.38896e-06
1534 5.37581e-06
1535 5.36268e-06
1536 5.34959e-06
1537 5.33653e-06
1538 5.3235e-06
1539 5.3105e-06
1540 5.29753e-06
1541 5.2846e-06
1542 5.27169e-06
1543 5.25882e-06
1544 5.24598e-06
1545 5.23317e-06
1546 5.22039e-06
1547 5.20764e-06
1548 5.19492e-06
1549 5.18224e-06
1550 5.16958e-06
1551 5.15696e-06
1552 5.14436e-06
1553 5.1318e-06
1554 5.11926e-06
1555 5.10676e-06
1556 5.09429e-06
1557 5.08185e-06
1558 5.06944e-06
1559 5.05705e-06
1560 5.0447e-06
1561 5.03238e-06
1562 5.02009e-06
1563 5.00783e-06
1564 4.99559e-06
1565 4.98339e-06
1566 4.97122e-06
1567 4.95907e-06
1568 4.94696e-06
1569 4.93488e-06
1570 4.92282e-06
1571 4.91079e-06
1572 4.8988e-06
1573 4.88683e-06
1574 4.87489e-06
1575 4.86298e-06
1576 4.8511e-06
1577 4.83925e-06
1578 4.82743e-06
1579 4.81563e-06
1580 4.80387e-06
1581 4.79213e-06
1582 4.78042e-06
1583 4.76874e-06
1584 4.75709e-06
1585 4.74546e-06
1586 4.73387e-06
1587 4.7223e-06
1588 4.71076e-06
1589 4.69925e-06
1590 4.68777e-06
1591 4.67631e-06
1592 4.66489e-06
1593 4.65349e-06
1594 4.64212e-06
1595 4.63077e-06
1596 4.61945e-06
1597 4.60817e-06
1598 4.5969e-06
1599 4.58567e-06
1600 4.57446e-06
1601 4.56328e-06
1602 4.55213e-06
1603 4.541e-06
1604 4.52991e-06
1605 4.51883e-06
1606 4.50779e-06
1607 4.49677e-06
1608 4.48578e-06
1609 4.47482e-06
1610 4.46388e-06
1611 4.45297e-06
1612 4.44208e-06
1613 4.43123e-06
1614 4.42039e-06
1615 4.40959e-06
1616 4.39881e-06
1617 4.38806e-06
1618 4.37733e-06
1619 4.36663e-06
1620 4.35595e-06
1621 4.34531e-06
1622 4.33468e-06
1623 4.32409e-06
1624 4.31351e-06
1625 4.30297e-06
1626 4.29245e-06
1627 4.28195e-06
1628 4.27149e-06
1629 4.26104e-06
1630 4.25062e-06
1631 4.24023e-06
1632 4.22987e-06
1633 4.21952e-06
1634 4.20921e-06
1635 4.19891e-06
1636 4.18865e-06
1637 4.17841e-06
1638 4.16819e-06
1639 4.158e-06
1640 4.14783e-06
1641 4.13769e-06
1642 4.12757e-06
1643 4.11748e-06
1644 4.10741e-06
1645 4.09736e-06
1646 4.08734e-06
1647 4.07735e-06
1648 4.06738e-06
1649 4.05743e-06
1650 4.04751e-06
1651 4.03761e-06
1652 4.02773e-06
1653 4.01788e-06
1654 4.00806e-06
1655 3.99826e-06
1656 3.98848e-06
1657 3.97872e-06
1658 3.96899e-06
1659 3.95928e-06
1660 3.9496e-06
1661 3.93994e-06
1662 3.9303e-06
1663 3.92069e-06
1664 3.9111e-06
1665 3.90153e-06
1666 3.89199e-06
1667 3.88247e-06
1668 3.87297e-06
1669 3.8635e-06
1670 3.85405e-06
1671 3.84462e-06
1672 3.83522e-06
1673 3.82583e-06
1674 3.81648e-06
1675 3.80714e-06
1676 3.79783e-06
1677 3.78854e-06
1678 3.77927e-06
1679 3.77002e-06
1680 3.7608e-06
1681 3.7516e-06
1682 3.74242e-06
1683 3.73326e-06
1684 3.72413e-06
1685 3.71502e-06
1686 3.70593e-06
1687 3.69686e-06
1688 3.68782e-06
1689 3.6788e-06
1690 3.66979e-06
1691 3.66082e-06
1692 3.65186e-06
1693 3.64292e-06
1694 3.63401e-06
1695 3.62512e-06
1696 3.61625e-06
1697 3.6074e-06
1698 3.59857e-06
1699 3.58977e-06
1700 3.58098e-06
1701 3.57222e-06
1702 3.56348e-06
1703 3.55476e-06
1704 3.54606e-06
1705 3.53738e-06
1706 3.52873e-06
1707 3.52009e-06
1708 3.51148e-06
1709 3.50288e-06
1710 3.49431e-06
1711 3.48576e-06
1712 3.47723e-06
1713 3.46872e-06
1714 3.46023e-06
1715 3.45176e-06
1716 3.44331e-06
1717 3.43488e-06
1718 3.42648e-06
1719 3.41809e-06
1720 3.40973e-06
1721 3.40138e-06
1722 3.39306e-06
1723 3.38475e-06
1724 3.37647e-06
1725 3.3682e-06
1726 3.35996e-06
1727 3.35173e-06
1728 3.34353e-06
1729 3.33535e-06
1730 3.32718e-06
1731 3.31904e-06
1732 3.31091e-06
1733 3.30281e-06
1734 3.29472e-06
1735 3.28666e-06
1736 3.27861e-06
1737 3.27059e-06
1738 3.26258e-06
1739 3.25459e-06
1740 3.24663e-06
1741 3.23868e-06
1742 3.23075e-06
1743 3.22284e-06
1744 3.21495e-06
1745 3.20708e-06
1746 3.19923e-06
1747 3.1914e-06
1748 3.18358e-06
1749 3.17579e-06
1750 3.16801e-06
1751 3.16026e-06
1752 3.15252e-06
1753 3.1448e-06
1754 3.1371e-06
1755 3.12942e-06
1756 3.12176e-06
1757 3.11412e-06
1758 3.10649e-06
1759 3.09888e-06
1760 3.0913e-06
1761 3.08373e-06
1762 3.07618e-06
1763 3.06864e-06
1764 3.06113e-06
1765 3.05364e-06
1766 3.04616e-06
1767 3.0387e-06
1768 3.03126e-06
1769 3.02384e-06
1770 3.01643e-06
1771 3.00904e-06
1772 3.00168e-06
1773 2.99433e-06
1774 2.98699e-06
1775 2.97968e-06
1776 2.97238e-06
1777 2.9651e-06
1778 2.95784e-06
1779 2.9506e-06
1780 2.94337e-06
1781 2.93616e-06
1782 2.92897e-06
1783 2.9218e-06
1784 2.91464e-06
1785 2.90751e-06
1786 2.90038e-06
1787 2.89328e-06
1788 2.88619e-06
1789 2.87913e-06
1790 2.87207e-06
1791 2.86504e-06
1792 2.85802e-06
1793 2.85102e-06
1794 2.84404e-06
1795 2.83707e-06
1796 2.83012e-06
1797 2.82319e-06
1798 2.81628e-06
1799 2.80938e-06
1800 2.8025e-06
1801 2.79563e-06
1802 2.78879e-06
1803 2.78195e-06
1804 2.77514e-06
1805 2.76834e-06
1806 2.76156e-06
1807 2.7548e-06
1808 2.74805e-06
1809 2.74132e-06
1810 2.7346e-06
1811 2.7279e-06
1812 2.72122e-06
1813 2.71455e-06
1814 2.7079e-06
1815 2.70127e-06
1816 2.69465e-06
1817 2.68805e-06
1818 2.68147e-06
1819 2.6749e-06
1820 2.66834e-06
1821 2.66181e-06
1822 2.65529e-06
1823 2.64878e-06
1824 2.64229e-06
1825 2.63582e-06
1826 2.62936e-06
1827 2.62292e-06
1828 2.61649e-06
1829 2.61008e-06
1830 2.60369e-06
1831 2.59731e-06
1832 2.59094e-06
1833 2.5846e-06
1834 2.57826e-06
1835 2.57195e-06
1836 2.56564e-06
1837 2.55936e-06
1838 2.55309e-06
1839 2.54683e-06
1840 2.54059e-06
1841 2.53437e-06
1842 2.52816e-06
1843 2.52196e-06
1844 2.51578e-06
1845 2.50962e-06
1846 2.50347e-06
1847 2.49733e-06
1848 2.49121e-06
1849 2.48511e-06
1850 2.47902e-06
1851 2.47294e-06
1852 2.46688e-06
1853 2.46084e-06
1854 2.45481e-06
1855 2.44879e-06
1856 2.44279e-06
1857 2.43681e-06
1858 2.43083e-06
1859 2.42488e-06
1860 2.41893e-06
1861 2.41301e-06
1862 2.40709e-06
1863 2.40119e-06
1864 2.39531e-06
1865 2.38944e-06
1866 2.38358e-06
1867 2.37774e-06
1868 2.37191e-06
1869 2.3661e-06
1870 2.3603e-06
1871 2.35452e-06
1872 2.34875e-06
1873 2.34299e-06
1874 2.33725e-06
1875 2.33152e-06
1876 2.3258e-06
1877 2.3201e-06
1878 2.31442e-06
1879 2.30874e-06
1880 2.30309e-06
1881 2.29744e-06
1882 2.29181e-06
1883 2.28619e-06
1884 2.28059e-06
1885 2.275e-06
1886 2.26942e-06
1887 2.26386e-06
1888 2.25831e-06
1889 2.25277e-06
1890 2.24725e-06
1891 2.24174e-06
1892 2.23625e-06
1893 2.23077e-06
1894 2.2253e-06
1895 2.21984e-06
1896 2.2144e-06
1897 2.20897e-06
1898 2.20356e-06
1899 2.19816e-06
1900 2.19277e-06
1901 2.18739e-06
1902 2.18203e-06
1903 2.17668e-06
1904 2.17135e-06
1905 2.16602e-06
1906 2.16071e-06
1907 2.15542e-06
1908 2.15013e-06
1909 2.14486e-06
1910 2.1396e-06
1911 2.13436e-06
1912 2.12912e-06
1913 2.1239e-06
1914 2.1187e-06
1915 2.1135e-06
1916 2.10832e-06
1917 2.10315e-06
1918 2.098e-06
1919 2.09285e-06
1920 2.08772e-06
1921 2.0826e-06
1922 2.0775e-06
1923 2.0724e-06
1924 2.06732e-06
1925 2.06225e-06
1926 2.0572e-06
1927 2.05215e-06
1928 2.04712e-06
1929 2.0421e-06
1930 2.0371e-06
1931 2.0321e-06
1932 2.02712e-06
1933 2.02215e-06
1934 2.01719e-06
1935 2.01224e-06
1936 2.00731e-06
1937 2.00239e-06
1938 1.99748e-06
1939 1.99258e-06
1940 1.98769e-06
1941 1.98282e-06
1942 1.97796e-06
1943 1.97311e-06
1944 1.96827e-06
1945 1.96344e-06
1946 1.95863e-06
1947 1.95382e-06
1948 1.94903e-06
1949 1.94425e-06
1950 1.93949e-06
1951 1.93473e-06
1952 1.92999e-06
1953 1.92525e-06
1954 1.92053e-06
1955 1.91582e-06
1956 1.91112e-06
1957 1.90644e-06
1958 1.90176e-06
1959 1.8971e-06
1960 1.89244e-06
1961 1.8878e-06
1962 1.88317e-06
1963 1.87856e-06
1964 1.87395e-06
1965 1.86935e-06
1966 1.86477e-06
1967 1.8602e-06
1968 1.85563e-06
1969 1.85108e-06
1970 1.84654e-06
1971 1.84201e-06
1972 1.8375e-06
1973 1.83299e-06
1974 1.82849e-06
1975 1.82401e-06
1976 1.81954e-06
1977 1.81507e-06
1978 1.81062e-06
1979 1.80618e-06
1980 1.80175e-06
1981 1.79733e-06
1982 1.79292e-06
1983 1.78852e-06
1984 1.78414e-06
1985 1.77976e-06
1986 1.7754e-06
1987 1.77104e-06
1988 1.7667e-06
1989 1.76236e-06
1990 1.75804e-06
1991 1.75373e-06
1992 1.74943e-06
1993 1.74514e-06
1994 1.74086e-06
1995 1.73659e-06
1996 1.73233e-06
1997 1.72808e-06
1998 1.72384e-06
1999 1.71961e-06
