0 2.17197e-11 2.17382e-11 -1.85228e-14 4.60412e+10
0.1 2.16643e-11 2.17197e-11 -5.53831e-14 4.61589e+10
0.2 2.15726e-11 2.16643e-11 -9.16901e-14 4.6355e+10
0.3 2.14455e-11 2.15726e-11 -1.27081e-13 4.66297e+10
0.4 2.12843e-11 2.14455e-11 -1.61202e-13 4.69829e+10
0.5 2.10906e-11 2.12843e-11 -1.93712e-13 4.74144e+10
0.6 2.08663e-11 2.10906e-11 -2.24287e-13 4.79241e+10
0.7 2.06137e-11 2.08663e-11 -2.5262e-13 4.85114e+10
0.8 2.03353e-11 2.06137e-11 -2.7843e-13 4.91756e+10
0.9 2.00338e-11 2.03353e-11 -3.01457e-13 4.99156e+10
1 1.97124e-11 2.00338e-11 -3.21472e-13 5.07296e+10
1.1 1.93741e-11 1.97124e-11 -3.38276e-13 5.16154e+10
1.2 1.90224e-11 1.93741e-11 -3.51699e-13 5.25697e+10
1.3 1.86608e-11 1.90224e-11 -3.61608e-13 5.35884e+10
1.4 1.82929e-11 1.86608e-11 -3.67904e-13 5.46662e+10
1.5 1.79223e-11 1.82928e-11 -3.70525e-13 5.57963e+10
1.6 1.75529e-11 1.79223e-11 -3.69442e-13 5.69707e+10
1.7 1.71882e-11 1.75529e-11 -3.64669e-13 5.81794e+10
1.8 1.68319e-11 1.71882e-11 -3.56252e-13 5.94108e+10
1.9 1.64877e-11 1.68319e-11 -3.44276e-13 6.06514e+10
2 1.61588e-11 1.64877e-11 -3.28859e-13 6.18858e+10
2.1 1.58486e-11 1.61588e-11 -3.10157e-13 6.30969e+10
2.2 1.55603e-11 1.58486e-11 -2.88356e-13 6.42662e+10
2.3 1.52966e-11 1.55603e-11 -2.63673e-13 6.5374e+10
2.4 1.50602e-11 1.52966e-11 -2.36357e-13 6.64e+10
2.5 1.48535e-11 1.50602e-11 -2.06678e-13 6.7324e+10
2.6 1.46786e-11 1.48535e-11 -1.74935e-13 6.81263e+10
2.7 1.45372e-11 1.46786e-11 -1.41444e-13 6.87892e+10
2.8 1.44306e-11 1.45372e-11 -1.06539e-13 6.92971e+10
2.9 1.436e-11 1.44306e-11 -7.05704e-14 6.96377e+10
3 1.43261e-11 1.436e-11 -3.38965e-14 6.98024e+10
3.1 1.43293e-11 1.43261e-11 3.11605e-15 6.97873e+10
3.2 1.43694e-11 1.43293e-11 4.00974e-14 6.95925e+10
3.3 1.4446e-11 1.43694e-11 7.6678e-14 6.92231e+10
3.4 1.45585e-11 1.4446e-11 1.12492e-13 6.86882e+10
3.5 1.47057e-11 1.45585e-11 1.47183e-13 6.80008e+10
3.6 1.48861e-11 1.47057e-11 1.80403e-13 6.71767e+10
3.7 1.50979e-11 1.48861e-11 2.1182e-13 6.62342e+10
3.8 1.53391e-11 1.5098e-11 2.4112e-13 6.5193e+10
3.9 1.56071e-11 1.53391e-11 2.68012e-13 6.40734e+10
4 1.58993e-11 1.56071e-11 2.92225e-13 6.28957e+10
4.1 1.62129e-11 1.58993e-11 3.13519e-13 6.16794e+10
4.2 1.65445e-11 1.62129e-11 3.3168e-13 6.04429e+10
4.3 1.68911e-11 1.65446e-11 3.46527e-13 5.92028e+10
4.4 1.7249e-11 1.68911e-11 3.57911e-13 5.79743e+10
4.5 1.76147e-11 1.7249e-11 3.6572e-13 5.67706e+10
4.6 1.79846e-11 1.76148e-11 3.69874e-13 5.5603e+10
4.7 1.8355e-11 1.79846e-11 3.70333e-13 5.44811e+10
4.8 1.87221e-11 1.8355e-11 3.67091e-13 5.34129e+10
4.9 1.90823e-11 1.87221e-11 3.60181e-13 5.24046e+10
5 1.9432e-11 1.90823e-11 3.49673e-13 5.14616e+10
5.1 1.97677e-11 1.9432e-11 3.35671e-13 5.05877e+10
5.2 2.0086e-11 1.97677e-11 3.18315e-13 4.9786e+10
5.3 2.03838e-11 2.0086e-11 2.97779e-13 4.90586e+10
5.4 2.06581e-11 2.03838e-11 2.74267e-13 4.84073e+10
5.5 2.09061e-11 2.06581e-11 2.48015e-13 4.7833e+10
5.6 2.11254e-11 2.09061e-11 2.19285e-13 4.73364e+10
5.7 2.13138e-11 2.11254e-11 1.88363e-13 4.69181e+10
5.8 2.14693e-11 2.13138e-11 1.5556e-13 4.65781e+10
5.9 2.15905e-11 2.14693e-11 1.21203e-13 4.63166e+10
6 2.16762e-11 2.15905e-11 8.56347e-14 4.61336e+10
6.1 2.17254e-11 2.16762e-11 4.92108e-14 4.60291e+10
6.2 2.17377e-11 2.17254e-11 1.22952e-14 4.6003e+10
6.3 2.1713e-11 2.17377e-11 -2.47431e-14 4.60555e+10
6.4 2.16514e-11 2.1713e-11 -6.15341e-14 4.61864e+10
6.5 2.15537e-11 2.16514e-11 -9.77103e-14 4.63957e+10
6.6 2.14208e-11 2.15537e-11 -1.3291e-13 4.66836e+10
6.7 2.1254e-11 2.14208e-11 -1.66782e-13 4.705e+10
6.8 2.1055e-11 2.1254e-11 -1.98987e-13 4.74946e+10
6.9 2.08258e-11 2.1055e-11 -2.29204e-13 4.80174e+10
7 2.05686e-11 2.08258e-11 -2.57131e-13 4.86177e+10
7.1 2.02861e-11 2.05686e-11 -2.82489e-13 4.92947e+10
7.2 1.99811e-11 2.02861e-11 -3.05024e-13 5.00473e+10
7.3 1.96566e-11 1.99811e-11 -3.24511e-13 5.08736e+10
7.4 1.93158e-11 1.96566e-11 -3.40756e-13 5.17711e+10
7.5 1.89622e-11 1.93158e-11 -3.53596e-13 5.27365e+10
7.6 1.85993e-11 1.89622e-11 -3.62903e-13 5.37656e+10
7.7 1.82307e-11 1.85992e-11 -3.68584e-13 5.48527e+10
7.8 1.786e-11 1.82306e-11 -3.70582e-13 5.59909e+10
7.9 1.74911e-11 1.786e-11 -3.68878e-13 5.71718e+10
8 1.71276e-11 1.74911e-11 -3.63488e-13 5.83852e+10
8.1 1.67731e-11 1.71276e-11 -3.54466e-13 5.96191e+10
8.2 1.64312e-11 1.67731e-11 -3.41902e-13 6.08598e+10
8.3 1.61053e-11 1.64312e-11 -3.25922e-13 6.20915e+10
8.4 1.57986e-11 1.61052e-11 -3.06686e-13 6.32969e+10
8.5 1.55142e-11 1.57985e-11 -2.84385e-13 6.44573e+10
8.6 1.52549e-11 1.55141e-11 -2.59243e-13 6.55528e+10
8.7 1.50234e-11 1.52549e-11 -2.31511e-13 6.6563e+10
8.8 1.48219e-11 1.50233e-11 -2.01466e-13 6.74679e+10
8.9 1.46524e-11 1.48219e-11 -1.69407e-13 6.8248e+10
9 1.45168e-11 1.46524e-11 -1.35656e-13 6.88858e+10
9.1 1.44162e-11 1.45168e-11 -1.0055e-13 6.93663e+10
9.2 1.43518e-11 1.44162e-11 -6.44392e-14 6.96778e+10
9.3 1.43241e-11 1.43518e-11 -2.76845e-14 6.98125e+10
9.4 1.43334e-11 1.43241e-11 9.34678e-15 6.9767e+10
9.5 1.43797e-11 1.43334e-11 4.62846e-14 6.95424e+10
9.6 1.44625e-11 1.43797e-11 8.27599e-14 6.91445e+10
9.7 1.45809e-11 1.44625e-11 1.18408e-13 6.85829e+10
9.8 1.47338e-11 1.45809e-11 1.52873e-13 6.78713e+10
9.9 1.49196e-11 1.47338e-11 1.85811e-13 6.7026e+10
