0.31782
0.122874
0.0190066
0.256833
0.578471
0.633482
1.25094
0.783714
0.435083
0.574332
0.0377528
0.543573
0.0427087
0.0615817
0.500118
1.2124
1.08081
0.486442
0.204756
2.21233
1.4543
1.19423
0.526894
0.927104
0.019522
0.242386
0.374415
0.734788
0.144125
0.608913
0.510497
1.10412
0.385881
0.664317
0.888586
0.552417
0.99337
1.74191
0.157847
0.34019
0.359047
0.47687
0.00940805
1.10626
0.225836
0.427198
0.644108
0.112745
0.365548
0.486416
0.481628
0.236218
0.7596
0.967734
0.556613
0.216453
0.854736
0.405217
1.35117
0.0727184
0.422919
0.231644
0.0348985
0.595119
0.700328
0.0245039
0.202714
0.020382
0.0463295
0.021037
0.5579
0.757194
0.889667
0.714174
0.591282
0.533674
0.192868
0.438243
0.223204
0.961621
0.0770402
0.139057
0.152115
0.261047
0.666899
0.640379
0.366701
0.129538
0.115242
1.06614
0.268461
0.188253
0.0175378
0.102839
0.0144456
0.484085
1.83951
0.872706
0.44142
0.0705477
0.120253
0.600329
0.0648344
0.693523
0.553242
0.431098
1.1461
0.509914
0.193506
0.294953
0.0815661
0.495909
0.320352
0.657721
0.0228963
0.186415
0.344002
0.21732
0.591956
0.0186602
0.0679759
0.100904
0.10338
0.0666505
1.20878
0.224071
0.0119142
0.232669
0.12873
1.50483
0.0437109
1.01062
0.610909
1.23961
0.03305
0.0595382
1.3592
0.0227632
0.430293
0.0662052
0.177575
0.707735
1.7049
0.00666149
0.973712
1.0429
0.0813702
0.347556
0.00431213
0.324076
0.0157147
2.0796
0.110832
0.308843
0.163573
0.510967
0.0521875
1.03897
0.336752
0.106921
0.0108041
1.39311
0.0187639
0.131992
1.41035
0.0738131
0.471115
1.30087
0.485321
0.842644
0.25165
1.87951
0.231807
1.24894
0.0761915
1.30495
0.1396
1.37513
0.0935614
0.499838
0.473216
0.157134
0.235207
0.0180784
0.528041
0.592851
0.32166
0.355018
0.998025
0.286802
0.094017
0.151072
1.76961
0.283352
0.0260567
0.139549
0.913952
0.227726
0.0515436
0.40779
0.31782
0.432761
0.458333
0.190023
0.597945
1.32667
1.48422
0.0384186
0.402585
0.130224
0.0497631
0.109616
0.0427087
0.125527
0.00463185
0.209085
1.19063
0.402863
0.886748
0.274093
0.773991
0.482013
0.284942
0.965071
0.930174
0.140349
0.225495
0.51941
0.144125
0.527143
0.198086
0.698845
0.710066
0.993542
0.0324027
0.172995
0.191602
1.39679
0.0136945
0.764563
0.405228
0.30219
0.00940805
0.600943
0.450662
1.06684
1.12844
0.208072
0.0863567
0.778615
0.445588
0.745863
0.368583
0.227248
0.300016
0.150332
0.396655
0.91126
0.588425
0.232491
0.419939
0.113086
0.0146424
0.707151
0.319537
0.0339426
0.341524
0.412283
0.287136
0.370104
0.502357
0.523717
0.883137
0.181077
0.0849695
0.561891
0.254601
0.319023
0.279574
0.493545
1.04248
0.0439314
0.0975855
0.357422
0.0205876
0.0625529
0.366701
0.358838
0.115242
0.579516
0.714912
0.225636
0.729346
0.0151205
0.0798313
1.23325
0.104786
0.369641
0.757272
0.719828
0.278536
0.344907
0.0648344
0.68289
0.0695483
1.08944
0.877522
1.24379
0.208876
0.294953
0.0974193
0.177377
0.0166723
0.0471759
0.14369
0.160897
0.980653
0.349602
0.0864161
0.056041
0.0679759
0.367575
2.32486
0.767034
0.448436
0.191073
1.02873
0.305842
0.32007
0.352613
0.64995
1.77853
0.535253
1.14856
0.554883
0.0595382
1.18936
0.0227632
0.26987
0.0662052
0.177575
0.504688
0.512321
0.0555341
1.73656
0.767155
0.59317
0.297815
0.00431213
1.60891
0.0157147
1.3204
0.102665
0.649423
1.03193
0.299814
0.360332
0.312651
0.0757578
0.40627
1.62976
0.936087
0.0187639
1.10943
0.947836
0.0373285
0.0486245
1.83361
0.228335
0.802845
0.460925
0.653213
0.203966
0.249116
0.95807
0.943908
0.1396
1.78888
0.548871
0.567845
0.473216
0.132963
0.0123416
0.305262
0.328349
0.268764
0.357442
0.0221201
1.53218
0.581091
0.0440269
0.334666
0.95177
0.148829
0.1192
1.06904
1.20324
0.341281
0.576006
0.16442
0.0499229
0.0271611
0.201689
0.485193
0.100834
0.498632
0.0557916
0.291925
0.363206
0.2506
0.544428
0.0473713
0.308298
0.0844562
0.00463185
0.328474
0.339926
0.402863
0.166428
0.555465
0.568341
0.482013
0.303507
2.21048
0.944912
0.340136
0.225495
0.369025
0.581123
0.17361
0.198086
0.5153
0.295711
0.120398
0.223334
0.106867
0.191602
0.668215
0.106981
1.38114
0.813479
0.719343
0.113708
0.197396
0.338126
0.73409
1.12844
0.192025
0.0863567
0.72315
0.649383
0.234035
0.0901106
0.884957
0.116329
0.56568
1.31403
1.61172
0.358993
0.430971
0.662014
1.18426
0.319477
0.484646
0.153546
0.128024
1.12589
1.12005
0.287136
0.133177
0.500691
0.162399
1.81119
0.433962
0.588029
0.673275
0.454021
0.128134
0.223532
0.641001
0.428187
0.0255325
0.0975855
0.166931
0.340316
0.0625529
1.0426
0.0713196
0.115242
0.239811
0.738207
0.0586733
0.048289
0.636336
0.173076
1.79028
0.0194603
0.0300097
1.22379
0.0913818
0.278536
0.176616
0.740647
0.678578
0.588872
1.59605
0.372598
0.861701
0.46239
0.681194
0.387768
0.177377
0.133462
0.190675
0.14369
0.801051
1.38119
0.726206
0.329064
0.056041
0.711774
0.245974
0.63394
0.737747
0.100866
0.184275
0.184512
0.353572
0.32007
0.0988346
0.249676
1.73772
0.743124
0.53941
0.015425
0.0595382
1.18936
0.0766272
0.0216574
0.0282091
0.177575
0.0961786
0.385259
1.01282
1.73656
0.679005
1.40145
0.297815
0.00431213
1.60891
0.154845
1.17158
0.259184
0.0488389
0.834089
0.299814
1.82856
0.312651
0.0757578
0.318897
1.3584
0.0831712
0.0187639
0.0925811
0.703532
0.00272985
0.447004
0.557024
0.132265
1.04251
0.100122
0.0870303
0.358301
0.186187
0.832732
0.943908
0.301618
1.6044
0.662424
0.132131
0.300926
0.242836
0.185502
0.305262
0.328349
0.168813
0.0461495
0.648992
1.72668
0.0879109
0.154314
0.0221307
0.984032
0.56924
0.218703
1.6929
1.48742
0.243714
0.224859
0.331098
0.529613
0.249509
0.05344
0.466465
0.125127
0.946201
0.342507
0.453753
0.363206
0.226107
0.0858127
0.141431
0.363225
0.0663731
0.00463185
1.16069
0.563892
0.402863
0.166428
0.305046
0.0558991
0.569958
0.0378823
1.33016
0.98966
0.230158
0.308347
0.012682
0.502996
1.46972
0.198086
0.668414
0.10221
0.120398
0.240557
0.106867
0.0305724
0.254653
0.106981
1.38565
1.12477
0.592624
0.113708
0.411211
1.65817
0.385377
0.264816
0.274751
0.0863567
0.283922
0.84145
0.280843
0.0564385
1.71715
0.382329
0.217867
0.350549
0.725107
0.358993
0.666005
0.188343
1.00102
0.265468
0.441832
0.445347
0.0852835
0.596098
0.633357
0.621639
0.133177
0.975549
0.948948
0.826431
0.554006
0.588029
0.494367
1.10114
0.128134
0.160706
0.239125
0.273759
0.0255325
0.0975855
0.612567
0.0762791
0.77391
0.00508627
0.00968377
0.115242
0.239811
0.0828599
0.0586733
0.449065
0.150586
0.173076
1.43532
0.0194603
0.165818
0.887889
0.0913818
0.0318869
0.79597
0.740063
0.678578
0.747715
0.028058
0.559395
0.0731826
0.46239
1.39356
0.462583
0.470963
0.281852
0.377858
0.156341
0.801051
1.38119
1.15669
0.520466
0.056041
0.980554
0.0189197
0.409495
0.0944698
0.330525
0.184275
0.969966
0.446785
0.293086
0.391048
0.133097
0.383938
0.0563369
0.370707
0.015425
0.192631
0.371723
0.0766272
0.491942
0.0282091
0.007663
0.0961786
0.15218
0.768182
0.608507
0.114578
0.774491
0.308721
1.2255
0.594867
0.415238
0.890456
0.303389
0.594014
0.325614
0.299814
1.05431
0.361033
0.215703
0.494261
0.518335
0.0942175
0.125033
1.03444
0.699585
0.974058
0.52562
0.45366
0.0160705
0.528105
0.39037
0.0870303
0.0314927
0.186187
0.774995
0.120987
0.381407
0.230022
0.109943
0.335669
0.0779914
0.106416
0.117899
0.305262
0.103611
0.314146
0.0963216
0.545713
0.680237
0.057068
0.476571
0.283725
1.15505
1.17643
0.512151
0.245435
0.765336
0.239119
0.437314
1.35742
0.164086
0.484606
0.238264
0.363635
0.294296
0.0465797
0.604412
0.910977
0.646714
0.226107
0.0726528
1.14675
0.0163913
0.80285
0.160059
0.197847
0.823671
1.1311
0.166428
0.0847947
0.0558991
0.607077
0.739509
0.947636
1.17104
0.872822
0.308347
0.149262
0.202621
1.29003
0.764984
0.333321
0.256561
0.112721
0.046719
0.875261
0.0305724
0.285281
0.0173156
0.539225
0.641285
1.30559
0.164009
0.411211
0.844002
0.378883
0.218139
0.69028
0.256692
0.00473788
0.829064
1.66113
0.363197
1.05957
0.00105648
0.222649
0.601485
0.163964
1.66177
0.281941
0.404925
0.977195
0.386051
0.27464
0.0112456
0.0852835
0.527854
0.633357
0.584078
0.175577
0.0883797
0.74983
0.128373
0.442181
1.23887
1.3954
0.28619
0.128134
0.544113
0.152171
0.273759
0.272779
0.212425
0.837212
0.275055
1.02341
0.0231778
0.00968377
0.115242
0.64503
0.0828599
0.0586733
0.449065
0.221708
0.895692
2.16735
0.0194603
0.86622
0.128864
0.272582
1.33566
0.795886
0.318578
0.107637
0.111126
0.028058
0.105605
0.162583
0.531348
2.0201
0.775819
0.742135
0.408166
0.478398
0.890346
0.126818
0.91788
0.576889
0.520466
0.612488
0.357071
0.3058
0.0515757
0.494472
0.0595724
0.295097
0.893078
0.173231
0.460525
0.106283
0.223177
0.279231
0.0563369
0.592879
0.015425
0.0243138
0.371723
0.0766272
0.0585409
0.249211
0.51778
0.369167
0.301403
1.31392
0.726199
0.0887106
0.01746
1.48063
0.0472263
1.15168
0.585824
0.393324
0.71983
1.17677
0.760664
0.299814
1.12114
0.378819
0.827605
0.527165
0.268389
0.0942175
0.978433
0.573072
0.361048
0.0847732
0.34844
0.166576
0.137584
0.129886
0.39037
0.255086
0.281742
0.855368
0.00803769
0.434338
0.0958756
0.430103
0.2265
0.545927
0.173437
0.400747
1.0305
0.024323
0.103611
1.18333
0.0963216
0.0914937
0.804992
0.689395
0.710246
0.445042
0.664112
1.76052
0.255131
0.513336
0.100149
0.368113
0.483216
0.877013
0.719492
1.24449
0.307489
0.472255
0.896431
0.231094
1.32036
0.19033
1.00161
0.0362438
0.0726528
0.65093
0.910467
0.71496
0.27632
0.547674
0.0555632
1.47265
0.19295
0.516619
0.0558991
0.658045
0.739509
1.10861
0.632561
0.218952
0.203478
0.0901802
0.0403332
1.1816
0.305166
1.01615
0.56505
0.112721
0.484654
0.697358
0.649287
0.0700566
0.271497
1.45434
0.772076
1.37051
0.164009
0.337844
0.950558
0.378883
0.786826
0.768979
0.10584
0.564471
0.25547
1.91507
1.01975
0.941632
0.190852
0.139379
0.884482
0.0483154
2.49527
0.493458
0.456216
0.0518032
0.473105
0.27464
0.0872424
0.889794
0.200241
0.352928
0.42965
0.566514
0.535751
1.06731
0.128373
1.0981
0.69755
1.04205
0.229447
0.128134
0.00954644
0.212233
0.0121306
0.0639372
0.877091
0.497793
0.438577
0.820042
0.234224
0.434645
0.115242
0.107543
0.112453
0.0586733
0.170135
0.0622624
0.414717
1.30101
0.511543
0.490538
0.46766
1.22386
1.3313
1.94084
1.15116
0.435943
0.559719
0.239865
0.955332
0.16733
0.71631
0.375723
0.125748
0.220377
0.702531
0.507632
0.634937
0.12084
0.622143
0.502336
0.608028
0.654241
0.149113
0.147454
1.0857
0.0324688
0.384957
1.43625
1.10532
0.173231
1.18402
0.645317
0.223177
0.414229
0.303607
0.765841
1.09104
0.0243138
0.185323
0.285974
0.325674
0.425279
0.286248
0.369167
0.250169
0.330193
1.28134
1.50435
0.263704
1.02501
0.0472263
0.97455
0.866509
0.0689026
0.0827542
0.883387
0.340305
0.307112
0.113325
0.398133
1.21767
0.283593
0.268389
0.403379
0.0929308
0.274987
0.361048
0.260615
0.34844
0.817349
0.861406
0.433914
0.0621015
0.356642
0.428131
0.232345
0.00803769
0.227241
0.100171
1.26255
0.23058
0.672518
1.44837
0.400747
1.75851
0.304834
0.0736369
0.104474
0.109902
0.225889
0.0555976
0.339327
1.67459
0.445042
0.385869
0.217504
1.07253
0.357544
0.100149
0.493728
0.168162
1.21558
0.0569031
0.139436
0.307489
0.563959
1.45684
0.449818
0.698284
0.0434361
1.387
0.344895
0.0726528
0.516702
1.05484
0.055718
0.27632
1.45174
0.0555632
1.27932
0.824585
0.516619
0.0699183
1.09024
0.287699
0.798328
0.762187
0.828943
0.116175
0.0901802
0.0403332
0.578982
0.303103
0.877631
0.380452
0.112721
1.17362
1.00906
0.445893
0.256075
0.378834
0.0559227
0.383484
0.119731
0.579626
1.1287
0.328604
0.183166
0.757393
0.870793
0.10584
0.269406
0.352498
1.91507
1.55233
0.308956
0.277499
0.0981821
0.175217
0.492808
2.23999
0.535191
0.0276136
0.223084
0.636651
0.149061
0.185057
0.603167
0.793921
0.329734
0.0388977
0.36185
0.535751
1.01517
0.314233
0.134972
0.670331
0.750511
0.356296
0.128134
0.134661
0.212233
0.579655
0.00683815
0.12697
0.232657
0.898527
0.58322
0.600396
0.0841304
0.650194
1.10133
0.112453
0.0586733
1.92421
1.64337
0.846047
0.196258
0.986128
0.277505
0.59392
1.00558
0.331044
0.232261
0.522135
0.520229
0.0586945
0.239865
0.134223
0.0546036
0.0733418
0.525998
0.641715
0.420836
0.845234
0.139894
0.451281
0.0134477
0.635525
0.201017
0.137466
0.741163
0.747303
0.2161
0.0826517
0.584473
0.805047
1.89795
0.43364
0.173231
0.0101589
0.255938
0.0665864
0.179953
0.953176
0.00952183
0.829473
0.0243138
0.632749
0.277592
0.359249
0.500111
0.256974
0.012314
0.500084
1.87386
1.28134
0.702469
0.207894
1.35381
0.432092
1.42349
0.43776
0.300589
0.772341
0.0147369
0.92975
0.226632
0.200148
0.839711
0.736257
0.283593
0.91311
1.04834
0.0929308
0.22817
0.104392
0.162231
1.38577
0.15592
0.318868
0.504092
0.254529
0.384216
0.123215
1.42709
0.170823
0.782763
1.04769
0.136233
0.0491034
0.395905
1.0146
0.0347209
1.23573
0.152529
0.0079719
0.599675
0.632275
0.977144
0.411086
0.00171642
1.273
0.0940826
0.495466
0.203149
1.07966
0.101054
0.0107168
0.210061
0.776556
0.551214
0.0569031
0.139436
0.0812814
0.159089
0.85766
0.296931
0.717103
0.554044
1.387
0.0868597
0.51898
0.389839
0.454577
0.582992
0.742153
0.900219
0.18065
0.731276
1.08245
0.64212
0.0699183
0.661566
0.287699
0.514803
0.473545
0.136189
0.116175
0.120326
0.0403332
0.661504
0.172656
0.362321
0.289705
0.293442
1.08807
0.299347
0.313311
0.657259
0.768436
0.0559227
0.194887
0.174152
0.362593
0.191485
0.552069
0.704663
0.290504
0.704393
0.397106
0.113889
0.511861
0.430893
0.504658
0.898656
0.317923
0.103588
0.580281
1.25312
0.344233
0.189524
0.0276136
0.223084
0.0188597
0.0188681
0.185057
0.415165
0.263816
0.200428
0.412772
0.0317864
0.723847
0.357695
0.248832
0.134972
0.000339469
0.525031
0.0237399
0.380713
0.293563
0.6259
0.0455769
0.385558
0.12697
1.36836
1.73146
0.0456359
0.0125763
0.199077
0.127432
0.648625
0.222297
0.849142
2.26156
0.493478
0.328834
0.120658
0.453816
0.108604
0.76954
0.207033
0.208715
0.048439
0.436855
0.90988
0.0586945
0.00370972
0.657761
0.0546036
0.272947
0.184345
0.0854486
0.0109944
0.512513
0.116979
0.974241
0.073622
0.330516
0.258704
0.360944
0.965286
0.667616
0.361262
0.273045
0.512609
0.0440101
2.56944
0.43364
0.244714
0.0101589
0.0919996
0.0665864
0.128118
0.622084
0.00952183
0.2244
0.0243138
0.0613469
0.277592
0.359249
0.370021
0.327206
0.120802
1.1457
1.54906
0.834829
0.165386
0.737439
0.801059
0.476217
1.18838
0.888287
1.10086
0.0805892
0.456799
2.32565
0.112321
0.200148
0.397032
0.192579
0.148918
1.33016
0.798762
3.31874
0.0996472
0.104392
0.388434
0.39871
0.453857
0.318868
0.70633
0.254529
0.993037
0.0977746
0.495715
0.384306
0.542055
0.945105
0.0215367
0.0491034
0.453146
1.29111
0.793046
0.507334
0.775057
0.0079719
0.572924
0.136664
0.379871
0.713579
0.672162
0.815368
0.0940826
0.35392
0.189936
0.674171
0.0256577
0.150827
0.0914808
0.842165
2.47009
0.131179
2.28141
0.0812814
0.159089
0.656111
0.296931
0.869211
0.670505
0.354577
0.25935
0.296378
0.687492
0.167496
0.0580493
0.100717
0.900219
0.18065
0.591192
0.22284
1.37846
0.457328
0.38205
1.0998
0.079929
0.278989
0.77491
0.167808
0.120326
0.0403332
0.50117
0.00800124
0.850969
0.510799
1.05788
1.08253
0.299347
0.313311
0.108646
0.0824104
0.118804
0.194887
0.00410146
0.362593
0.0771412
0.486686
2.43852
0.290504
0.0775029
0.397106
0.113889
0.678218
0.885172
0.464338
0.657626
0.495957
0.0893343
0.18146
0.818867
0.481813
1.46134
0.558525
0.316082
0.26753
0.58813
0.0862733
0.0213783
0.218902
0.253477
1.44602
0.820489
0.723847
0.503796
0.0832406
0.758838
0.398323
1.26035
0.0783889
1.4789
0.197455
0.432985
0.663456
0.400188
1.02154
1.62812
1.18514
1.09217
0.0125763
0.214806
0.0411366
0.472718
0.246043
0.768399
0.353028
0.0598776
0.328834
0.520654
0.102741
0.789443
0.603055
0.278979
0.202368
1.4475
0.0146724
0.90988
0.360797
0.00370972
0.110469
0.428143
0.563833
0.184345
0.660787
0.159781
0.00621455
0.116979
0.758235
0.073622
0.442363
0.350073
0.833585
1.24984
0.434465
0.361262
0.0932044
0.245241
0.267245
1.7314
0.213946
0.244714
0.244349
0.842708
0.0665864
0.89386
0.153338
0.119834
0.266482
0.526833
0.0613469
0.0213792
0.0449829
0.370021
1.16852
0.530823
1.34624
2.09085
0.167867
0.313609
0.357208
0.829224
0.309668
0.494732
0.38365
0.411681
0.0805892
0.0309875
1.85483
0.112321
0.01042
0.704357
1.35424
0.15373
0.436248
0.312344
3.31874
0.180248
0.104392
0.268605
0.39871
0.165205
0.309616
0.258575
0.260377
0.554435
0.185252
0.0746542
0.160837
0.15819
0.0127982
0.12543
0.168382
0.652573
0.0977233
0.390229
0.117755
0.394927
0.0728647
0.394372
0.207361
0.416889
0.185116
0.190144
0.0674067
0.0940826
0.177376
0.0331627
0.701716
0.400193
0.150805
0.520148
0.673344
1.64055
0.279124
0.324989
0.0915205
0.159089
0.395339
0.0438838
0.0584835
0.090573
0.663205
0.00824785
0.574369
0.156151
0.0737087
0.256211
0.43849
1.79967
0.764016
0.591192
0.0809113
0.668093
0.474324
0.21648
0.490824
0.524623
0.321713
0.135023
0.803004
0.120326
0.00329856
0.37643
0.00800124
1.12832
0.297881
0.30231
1.18422
0.681335
0.313311
0.201819
0.227409
0.159168
1.0632
0.732521
0.557106
0.444045
0.781618
2.23446
0.197248
0.199703
0.397106
0.349042
0.844609
0.221241
0.167765
0.427339
0.578104
0.0893343
0.0562153
0.455003
1.85494
1.32541
0.181543
0.316082
0.44082
0.0570938
0.0862733
0.0213783
0.222568
0.42041
0.0261931
0.0990002
0.757098
0.503796
0.0832406
0.834259
1.13851
0.100669
0.339326
0.740337
0.696688
0.411799
0.205784
0.107867
1.17389
1.13678
1.32951
0.316097
0.0145864
0.373017
0.421017
0.079372
0.128633
0.542602
0.2315
1.03615
0.22911
0.143294
0.404314
0.534273
0.0485366
0.0815218
0.756124
0.504208
0.0560829
0.18685
0.209551
0.00370972
0.110469
0.548845
0.563833
0.184345
0.660787
0.313905
0.523178
0.116979
0.316262
0.073622
0.227738
0.34639
0.0526512
0.520441
0.385368
0.947389
0.921428
0.245241
0.341697
1.17771
0.673472
0.244714
0.571973
1.04442
0.535403
0.220742
0.706781
0.219312
0.763631
0.448471
0.22498
0.019402
0.0449829
0.310664
0.046831
1.50306
0.68595
1.74584
0.0634999
0.0474649
0.357208
0.89044
0.729411
0.494732
0.0304741
1.01273
0.940391
0.00672175
0.0947683
0.15405
0.11971
0.243086
0.604446
0.638215
0.627859
0.117053
1.9901
0.317026
0.346
0.268605
0.700841
0.165205
0.689471
0.342522
0.824144
0.554435
0.535339
0.31461
0.160837
0.121213
0.0127982
0.177666
0.37606
0.0600266
0.20783
0.699873
0.263964
0.401463
0.508372
0.442319
0.200008
0.664737
0.230051
1.1256
0.627695
0.087191
0.052467
0.434777
0.215994
0.400193
1.02495
0.0799573
0.0115561
0.23643
0.67565
0.108004
0.0915205
0.579883
0.390095
0.0438838
0.7191
1.1044
0.557559
0.852079
0.235351
0.103358
0.241714
0.077972
0.821567
2.49025
0.421158
1.13599
0.188423
0.608769
0.666929
0.0930954
0.288518
0.182517
2.40224
0.188121
0.241261
0.379511
0.126105
0.801922
0.774582
0.635385
0.203587
0.736547
0.3298
0.350294
0.313311
1.36421
0.376907
0.311801
0.134656
0.0756088
0.678742
0.135154
0.0866707
1.9582
0.530485
0.0419813
0.748944
0.0312104
2.9703
0.858496
0.303508
0.730545
0.858677
0.285438
0.541994
1.09484
0.61325
2.27086
0.773473
0.329991
0.165835
0.0570938
0.511334
0.269005
0.360748
0.356336
0.612693
0.242888
0.746614
0.503796
0.294123
0.7742
1.53483
0.100669
0.315475
1.03463
0.0185252
0.316798
0.218048
1.32789
1.55779
0.568755
0.094348
0.25794
0.166383
0.575894
0.99091
0.0632783
0.057934
0.887391
0.0353962
0.867588
0.22911
0.101597
0.504462
0.965718
0.00053083
0.0815218
1.45887
1.19108
0.0312249
0.261637
0.220852
0.332087
0.110469
0.368411
0.226235
0.341816
0.196716
0.313905
1.30932
0.128046
0.124414
0.262252
0.514175
0.34639
0.529894
0.179573
1.05334
0.244236
1.31452
0.459576
0.130562
0.308696
0.0928627
0.192654
0.142933
0.76283
1.026
0.220742
0.0432285
0.0652308
0.0173883
0.062248
1.03004
0.0448344
0.0581552
0.257029
0.875562
0.653339
0.487969
1.05614
0.0634999
1.17019
0.357208
0.309292
0.251411
0.594654
0.0060206
0.434704
0.695082
0.110734
0.0947683
0.580478
0.286894
1.34181
0.846511
0.0539087
0.0136523
0.117053
0.980208
0.458363
0.346
0.354041
0.56006
0.450248
0.00884007
1.10656
0.439087
0.387285
0.570672
1.03247
0.160837
0.0358753
1.25723
0.0583062
0.561952
0.0600266
1.17705
0.293552
0.145546
0.236048
0.539893
1.42353
0.200008
0.241023
0.122029
1.25038
0.735774
0.087191
0.124849
0.699043
0.691476
0.111798
1.26925
0.328436
0.0115561
0.875293
2.2848
0.0596031
0.698306
0.146039
0.437905
0.19412
0.680611
1.03789
0.420331
1.52584
0.109867
0.385482
0.0596963
0.961491
1.13347
0.237754
0.745077
0.153497
0.653728
0.805123
0.666929
0.793737
0.825615
0.30005
1.94752
0.623034
0.132542
0.260504
0.126105
0.205945
0.446152
0.741816
0.487689
1.74544
0.593941
0.350294
0.248053
0.282696
0.396046
0.000536684
1.13831
0.284507
0.678742
0.69793
0.662893
1.21338
1.18356
0.0557965
0.358862
0.2014
0.881853
0.161807
0.0410569
0.70758
1.18338
1.60488
0.541994
0.62334
0.0997692
0.28774
1.48659
0.823017
0.026066
0.0570938
1.5704
0.555028
1.01529
0.529758
0.700607
0.196273
0.0932553
0.12028
0.347519
0.66496
1.42797
0.100669
0.328345
0.368533
0.0993884
0.316798
1.07012
1.60294
1.34207
0.436637
0.094348
0.149801
0.190775
0.575894
0.762862
0.0632783
0.353909
0.490027
0.00405834
0.38708
1.33968
0.0181985
0.161505
0.965718
0.00053083
0.334246
1.52426
0.375106
0.0312249
1.00085
0.367228
0.332087
0.110469
0.491675
1.05949
1.79468
0.261999
0.445772
0.396498
0.401762
0.308325
0.313789
0.48682
0.225158
0.0629202
0.0676278
0.676184
0.555078
1.91121
0.227339
0.106246
0.0272608
0.0459945
1.1978
0.142933
0.254447
1.03267
0.556489
0.0432285
0.188574
0.134862
0.570642
0.232174
0.0448344
0.0581552
0.0149745
0.207522
0.262421
1.10789
1.13185
0.0634999
1.78106
0.618312
0.519978
1.22484
0.306191
0.700265
0.243055
0.888308
0.119769
0.758364
0.169478
0.0357639
1.05043
1.44706
0.831218
0.137382
0.117053
0.190407
1.07531
1.77062
1.22139
0.56006
0.239474
0.00884007
0.925654
0.474727
0.317941
0.44702
0.557448
0.484747
0.0358753
0.59513
0.037669
0.461681
0.13604
0.371129
0.225538
0.0206473
0.989275
0.235267
0.263252
0.267531
0.207912
0.649588
0.735176
0.0860663
0.087191
0.404671
0.384501
0.00648913
0.166866
0.978595
0.48833
0.202198
0.154542
1.61267
0.0596031
0.815668
0.0447481
0.982881
0.15149
0.881987
2.43124
0.305581
0.172619
0.672776
0.428099
0.237001
0.351354
0.152404
0.913755
0.907417
0.375218
0.543872
0.426896
0.666929
0.141153
1.23513
0.120568
0.537209
1.05651
0.439023
0.215475
0.587108
0.599478
0.446152
0.255127
1.26744
1.40309
0.0918162
1.51148
0.0595212
0.488991
0.0240578
0.112203
0.691223
0.81222
0.143351
1.14679
0.534875
0.105505
0.325333
0.0257393
0.521325
0.113134
0.000189625
0.307225
0.0410569
2.02859
1.71463
0.0249372
0.0837221
0.44498
0.648988
0.28322
0.684352
0.579904
0.220312
0.0570938
2.23459
0.173047
0.772575
0.400606
1.42526
0.172652
0.0952006
0.99572
0.182325
0.515955
1.61974
0.634959
0.153252
0.463936
0.260681
0.0759571
0.766513
1.58764
0.351426
0.79254
0.0334145
0.0178428
1.12119
0.473441
0.0577028
0.285796
0.507228
0.651852
0.152229
0.152292
1.38252
0.0181985
0.533046
1.30625
0.189258
0.334246
0.254215
0.917184
0.416759
0.769578
0.188893
0.539937
1.70769
1.08356
0.581883
1.84684
0.0638293
0.67343
0.507188
0.171077
0.365815
0.599591
1.16816
0.177902
0.0776077
0.0676278
0.676184
0.415474
1.25873
0.0442214
0.150346
0.18981
0.174254
0.551638
0.439591
0.976624
0.340695
0.0757981
0.0432285
0.188574
1.62771
0.22358
0.322515
0.827194
0.0581552
0.00928123
0.341295
0.038672
0.438694
0.380364
0.236537
0.681325
1.51825
0.444015
0.260684
0.300764
0.0320799
1.09875
1.02943
0.119769
0.106793
0.628736
0.782091
1.01155
0.834802
1.36004
0.159728
0.659337
0.427305
0.216021
2.13784
0.671666
0.435085
0.688632
0.00884007
0.261318
0.474727
1.49525
0.302548
0.598434
0.472605
0.0358753
1.12554
0.132051
0.642207
0.146098
0.328637
0.310666
0.0218528
0.643967
0.235267
0.263252
0.267531
0.0427068
0.48302
0.486113
0.0289532
0.24632
0.0304924
0.23599
0.00648913
0.260782
0.0521389
0.860671
0.154766
0.163106
1.12382
0.145333
0.627028
0.067774
2.52874
0.303943
0.0590471
0.729881
0.401995
0.0699517
0.149665
0.103963
0.138508
0.331289
0.105339
0.0155285
0.175146
0.375218
0.478299
0.0685905
0.719866
1.01424
0.26353
0.491701
0.537209
0.815299
0.027448
0.00241243
0.587108
0.122267
0.543036
0.0797954
1.93477
0.334166
0.0293679
0.2008
0.0595212
0.0287927
0.0407997
0.949372
0.691223
0.0750452
1.35884
0.232736
1.53096
0.105505
0.325333
0.0257393
0.515494
0.032554
0.000189625
1.00796
0.630734
0.973158
0.97654
0.252252
0.0837221
0.35939
1.03018
0.345285
0.0392183
0.238328
0.220312
0.0570938
3.5463
0.0942915
0.799276
0.548326
1.27249
0.172652
0.111931
0.403659
0.440273
0.291993
0.055055
0.103315
0.153274
2.17679
0.214755
0.0759571
0.0207937
0.0676212
0.106982
0.32985
0.0334145
0.137454
0.293981
0.36001
0.0577028
0.969464
0.315908
0.0749089
0.0412759
0.86986
0.220373
0.592314
1.59837
0.48611
0.347326
1.51812
0.285849
0.106566
0.201152
1.75883
0.0470976
0.244841
0.0864531
0.191397
1.15504
1.62748
0.581043
0.222277
0.5163
0.595984
1.46088
0.952533
1.16816
0.816875
0.449606
0.0676278
0.655982
0.0188957
0.127437
0.164416
0.150346
0.121612
0.0430565
1.66456
0.104471
0.573242
0.152265
0.108896
0.0432285
0.10626
0.0530273
0.22358
0.311085
0.701377
0.106927
0.00588649
1.52795
1.11351
0.565079
0.203948
1.13447
0.171056
1.75782
1.18601
0.176254
0.203157
0.894731
0.421768
0.000792861
0.0823271
0.106793
0.801634
0.756299
0.449758
0.223678
0.0911258
0.157489
0.852387
0.377761
0.121489
1.53043
0.409134
0.207762
0.416069
0.0177932
0.459828
0.25475
0.650647
0.172534
0.2055
0.151833
0.466174
1.7498
0.00970409
0.389999
0.0637741
0.598521
0.34467
0.0218528
0.0206874
0.168299
0.710993
0.558597
0.653368
0.0936909
0.296228
0.307676
0.412469
0.377376
0.362201
0.00648913
0.114647
0.244288
2.00854
0.454462
0.163106
0.326027
0.145333
0.0492882
0.067774
2.24009
1.03302
0.000478002
0.742171
0.295512
0.379248
0.429476
0.312592
0.775618
0.0827806
0.33187
0.0758014
0.175146
2.36335
0.102252
1.2813
1.00305
0.363781
0.562164
0.515357
0.549594
0.815299
0.027448
0.416368
1.22324
0.0227534
0.178387
0.414276
0.876816
0.408604
3.32039
0.2008
0.0595212
0.421761
1.30472
1.34597
0.0804292
0.755688
1.97415
0.514792
0.524886
1.14665
1.2168
0.0257393
0.344865
0.203654
0.241716
0.558156
0.506423
0.00257605
0.0669124
0.371659
0.590258
0.22659
0.677363
0.434999
0.0392183
0.238328
0.179573
0.0570938
2.07823
0.886094
0.118989
0.184966
0.137603
1.25356
0.307735
0.243108
0.442157
0.291993
0.881744
0.103315
0.0802971
1.97176
1.25102
0.340253
0.236251
0.382806
1.17894
0.694218
0.612373
0.173749
0.362601
1.20069
0.496413
0.778864
0.323336
0.660441
0.273827
0.979155
1.1615
0.271114
0.25354
1.78269
1.10254
0.451201
1.02701
0.106566
0.448845
0.781709
0.256451
0.441722
0.122093
0.191397
0.942601
1.24022
1.13491
0.222277
0.5163
0.340511
0.221948
0.310686
0.0734981
0.583111
0.784005
1.31893
0.0984553
0.113297
0.127437
0.903016
0.170663
0.234565
1.44765
1.48341
0.0066869
0.223167
0.152265
0.191638
0.184333
0.320981
0.0530273
0.22358
0.39735
0.00629885
0.430976
1.04017
1.70458
0.470781
0.0231353
0.144019
0.0710336
0.0257219
1.2233
0.602267
0.176254
0.0256795
0.894731
0.0146796
0.000792861
0.21346
0.188718
0.125824
0.274461
1.09985
0.763011
0.150478
0.157489
0.615949
0.770315
0.121489
1.51762
0.45618
0.207762
0.691032
0.0177932
0.72182
0.120614
0.0255828
0.102137
0.052077
0.138835
1.37906
0.412966
0.00970409
1.00008
0.0344047
0.915729
0.469228
0.0178212
0.0206874
0.94747
1.89996
0.815795
0.358142
0.338192
0.775337
0.307676
0.00833013
0.377376
0.149569
0.00648913
0.146331
0.286969
2.00101
0.386241
0.534393
0.793893
0.411855
0.0559459
0.067774
2.48652
0.749939
0.134625
0.819299
0.47419
0.379248
0.00942738
0.923755
1.29124
0.0211798
1.86719
0.9852
0.481035
2.01036
0.102252
0.846994
0.607156
0.0597282
0.00349799
1.51801
0.592808
0.364903
0.027448
0.382115
0.460161
0.50858
0.781493
0.296938
0.301545
0.408604
4.1158
0.671439
0.409512
0.683353
0.966125
1.18326
0.131873
0.226054
0.355382
0.310036
0.98124
0.164754
1.55249
0.0257393
0.210828
0.358813
0.934512
0.304597
0.552867
0.786737
0.389794
0.0324209
0.97833
0.22659
1.58263
0.286509
0.0392183
0.10093
0.179573
0.141923
1.86009
0.214581
0.282509
0.0601056
0.137603
0.460203
1.44861
0.203833
0.0935901
0.291993
0.0892662
0.103315
0.0802971
0.901807
1.25102
0.0141321
1.16392
0.382806
0.424395
0.113964
0.265295
0.168708
0.0599203
0.156255
0.699321
0.361051
0.0986537
0.242357
0.273334
0.0504126
0.29307
0.189197
0.137952
1.01253
0.336297
0.786451
0.668304
0.0218505
1.09722
0.685423
0.990316
0.441722
0.122093
0.565568
1.58855
0.997494
1.10524
0.222277
0.0878672
0.616196
2.06041
0.310686
0.170497
0.287853
0.367251
1.61732
0.0318648
0.449416
0.107155
0.574786
0.798223
0.00879049
2.18111
0.51433
0.0066869
0.26113
0.0093912
0.871078
0.315603
0.497249
0.0530273
0.423653
0.213864
0.638767
0.169779
0.271067
0.521569
0.278897
0.0829933
0.373106
0.248211
0.049744
0.596315
1.01269
0.174954
0.585633
0.488994
0.0146796
0.132461
0.21346
0.514992
0.0881986
0.533431
0.265758
0.743356
0.150478
0.157489
0.615949
0.015265
0.394285
1.51353
0.108495
0.525543
1.15751
0.17935
0.152067
0.570658
0.073463
0.651398
0.531856
0.312141
0.0850342
0.288041
0.00970409
1.39332
0.0754885
0.492108
0.202717
0.147404
1.29182
0.425547
0.50875
0.815795
0.697308
0.456731
0.173529
0.280372
0.00833013
0.377376
0.933465
0.00648913
0.146331
1.07886
1.43324
0.0398102
0.00681011
0.0184772
1.13707
0.0559459
0.163635
2.97207
1.20709
0.160194
0.333383
0.28998
0.379248
0.411069
0.923755
0.460536
0.689549
0.128865
0.937644
0.118589
1.34537
0.0478101
0.307777
0.0844405
0.164931
0.00349799
1.06124
0.0221272
0.49562
0.027448
0.189334
0.461717
0.324028
0.251618
0.296938
0.482153
0.169317
2.97526
0.0840686
0.19167
0.674095
0.524913
0.22359
0.131873
0.546399
0.534433
0.0368516
1.94965
0.164754
1.2224
0.0257393
0.149521
0.0700978
0.667265
0.705287
0.850634
0.0892798
0.670896
0.173193
0.0305049
0.312209
1.33258
0.0870699
1.38243
0.10093
0.179573
0.227663
0.166334
0.214581
0.788089
0.5255
0.119217
0.30278
0.992377
0.000777121
0.0935901
0.737221
0.0892662
0.103315
1.70065
0.402177
0.952839
0.333839
1.41715
0.199602
0.17748
0.0665786
0.832433
0.888752
0.0599203
0.717152
0.0109464
0.38006
0.192154
0.242357
0.273334
0.145623
0.0281793
0.0164491
0.291051
0.122532
0.336297
1.86859
0.836971
1.12751
1.39957
0.632304
1.13
0.441722
0.0860168
0.0235587
0.525178
0.751062
0.852354
0.433788
0.78611
0.698966
0.332253
0.140746
0.0875373
0.0612268
0.823993
0.100448
0.0318648
0.42884
0.185697
0.4279
0.279699
0.0734131
3.93308
1.39018
0.891842
0.26113
0.0093912
0.317211
0.414967
0.967301
0.115755
0.337356
0.0850955
0.355458
0.658867
0.660067
0.568451
0.154836
0.344286
0.894971
0.650594
0.384551
0.613779
0.425346
0.804603
0.209963
0.757123
0.00531358
0.99764
0.158905
0.495093
0.702462
0.0763248
0.265758
0.791867
0.677988
0.918422
0.62888
0.182806
0.0951176
1.89105
0.183445
0.422677
0.265858
0.21028
0.939896
1.09531
0.017881
0.494621
0.150923
0.0799763
0.0210948
0.846277
0.116993
1.47215
0.515413
0.492108
0.647371
0.538588
0.746985
0.86227
0.463949
0.0102994
0.697308
0.456731
0.173529
0.824746
0.00833013
0.48863
1.20581
0.787357
0.257273
0.423353
0.334665
0.00855497
0.00681011
0.0801517
0.659699
0.267584
0.13037
1.83737
0.34733
0.294782
0.222236
0.390652
0.0510105
0.416782
0.372328
0.460536
0.131474
0.830618
0.507523
0.478396
1.34379
0.476729
1.53537
0.0916404
0.453462
0.222545
2.66589
0.661212
0.88173
0.208426
0.189334
0.461717
0.324028
0.699623
0.194799
0.482153
0.234409
2.56865
0.0840686
0.19948
0.775736
0.549566
0.124589
0.980131
0.225254
0.0789743
0.310904
1.15163
0.164754
0.166232
0.0257393
0.103386
0.0700978
0.297341
1.0094
1.64504
0.547352
0.170097
0.290481
0.671662
0.0799884
0.0490197
0.533026
0.629222
0.10093
0.536673
0.161006
0.226722
0.551539
1.32377
0.278081
0.119217
0.0747095
0.0712955
0.000777121
0.0622045
0.418708
0.220068
0.0114366
1.06534
0.0972897
0.487397
0.333839
0.608435
0.105578
0.819886
0.0665786
0.362814
0.503361
0.00912674
0.717152
0.103339
0.510068
0.518754
0.858894
0.694561
0.145623
0.0583103
0.113607
0.457327
0.136375
0.563096
2.72303
0.0490461
1.53828
1.76247
0.583078
0.293929
0.252446
0.0978263
0.000382436
0.36198
0.301096
0.334221
0.256224
0.500945
0.843774
0.130498
0.140746
0.0413871
0.0612268
0.823993
0.100448
0.0318648
0.936683
1.78967
1.25745
0.53858
0.238157
1.34822
0.935696
1.68398
0.505037
0.108397
0.317211
0.523102
0.253131
0.077228
1.11769
0.128655
0.0367932
0.284159
1.41511
0.369501
0.18744
0.33827
0.0829481
1.07493
1.01952
0.613779
0.425346
0.414169
0.209963
0.323802
0.00531358
0.523591
0.316796
0.724784
0.534525
0.0763248
0.478172
0.330374
0.476075
0.896275
0.748396
0.203094
0.0371392
1.11413
0.166925
0.499604
0.0847995
0.335089
0.00748594
0.0941429
0.194068
0.334759
0.326212
0.00357041
0.986386
1.01754
0.116993
0.786449
0.0203814
0.316187
0.417379
0.389479
0.137217
0.545961
0.0769285
0.0942004
0.121035
0.456731
0.68474
0.749072
0.2342
0.23155
0.503726
1.00876
0.257273
0.768633
0.334665
0.290001
0.250332
0.154446
0.659699
0.425469
0.13037
0.107927
0.390133
0.016359
0.0717716
0.575617
0.107512
1.05464
0.727229
0.767667
0.227883
0.382793
0.573664
0.364806
0.907719
0.309721
0.0925702
0.0916404
0.0495604
0.222545
2.66589
0.135895
0.616677
0.0718676
0.577418
0.363106
0.271828
1.53004
0.409286
0.0523258
0.335269
2.90164
0.536479
0.0428527
1.21743
0.184725
0.609903
0.44349
0.225254
0.544438
0.0338193
1.60083
0.164754
0.638815
0.569409
0.103386
0.0212502
0.297341
0.228567
0.340018
0.20108
1.01541
0.168564
0.671662
0.0112808
1.09014
0.533026
0.374824
0.0889461
1.42445
0.178643
0.184151
0.551539
0.529661
0.101016
0.325903
0.244207
0.222543
0.175925
0.387106
0.62265
0.187974
0.0114366
0.164292
0.0972897
0.298686
1.56116
0.294892
0.0647042
0.624734
0.0665786
0.723936
0.47066
0.24325
0.717152
2.14928
0.820287
0.0661759
0.0393873
1.11001
0.145623
0.0583103
0.0836393
0.720557
0.156265
0.518613
0.494176
0.120809
1.19705
1.04584
1.01281
0.125021
0.187781
0.0978263
0.486488
1.2156
0.28343
0.360018
0.00394723
0.753323
0.39911
1.08086
0.491859
0.0413871
0.0612268
0.142705
0.0385562
0.679455
0.0933911
1.15353
1.05825
0.0863054
0.152164
1.86614
0.641457
0.889791
0.80356
0.108397
0.218019
0.0287594
0.262903
0.077228
0.916705
0.314524
0.105191
0.333521
0.0688031
0.125113
0.326522
0.905863
0.242583
0.349106
0.149501
0.160264
0.792206
0.0948761
0.14496
0.0295476
0.00531358
0.94548
0.419281
0.386268
0.00913726
0.0763248
0.218721
0.279173
0.567155
0.446608
1.14867
1.42521
0.0371392
1.50197
0.0660354
0.466859
0.480185
0.891257
0.300843
0.110651
0.548596
0.6167
0.272012
0.00357041
0.986386
0.0337341
0.907897
0.319944
0.104589
0.0692392
0.417379
0.41296
0.137217
1.08146
1.0244
1.12347
0.568691
0.96802
0.132748
0.186869
0.820974
0.597815
0.308098
0.776589
0.0275885
0.685811
0.111719
0.105582
0.273211
1.29124
0.448878
0.0505681
0.254147
0.107927
0.373489
0.0085883
1.21698
0.575617
0.193609
0.662676
2.26843
0.936816
0.227883
0.289452
0.595636
0.364806
0.0670574
0.921238
0.259945
0.00581762
0.0495604
0.542043
3.04357
0.492868
0.296788
0.0596669
0.577418
0.245666
0.712962
0.297361
0.269539
0.0523258
0.0979699
2.28806
0.68902
0.109014
0.932733
0.484133
0.1938
0.469193
0.14289
0.544438
0.833198
0.45494
0.544474
0.688631
0.0628385
0.103386
0.0212502
0.303882
0.228567
0.400956
0.53053
2.03206
0.168564
0.679501
0.203025
0.506346
0.277059
0.0553261
0.141361
0.422457
0.787499
0.184151
0.644322
2.23425
0.20645
0.00295577
1.86839
0.153702
0.785466
0.518912
1.01941
0.187974
0.608244
0.616962
0.0972897
0.432298
1.78925
0.431584
0.0197662
0.00291861
0.688974
1.5156
0.055883
0.24325
0.407224
2.34767
1.21634
0.907124
0.0393873
2.81531
0.145623
0.00954575
0.0836393
0.240114
0.0276392
0.195182
0.130302
0.0534085
0.700646
1.07203
1.34472
0.125021
0.187781
0.166082
0.566847
0.303989
0.0270396
0.360018
1.10207
0.840933
0.0475619
0.274882
0.3265
0.108585
0.0688721
0.142705
0.0385562
0.615074
0.0933911
0.0662729
1.05825
0.311452
0.766525
2.82561
0.453012
0.118118
0.76829
0.46618
0.137585
0.10441
0.440508
0.373304
0.875343
1.35427
0.105191
0.150814
0.320243
0.125113
0.0459024
0.0238005
0.0157919
0.0113508
0.641597
0.0993908
1.10204
0.962485
0.698071
0.193017
0.0791391
0.199038
0.419281
0.362412
0.537626
0.125134
0.113507
0.379559
0.529211
0.443995
1.49951
1.10056
0.341494
0.68598
0.0660354
0.319853
0.059908
0.322757
0.996502
0.110651
0.163631
0.00647635
1.55158
0.00357041
1.15958
0.332013
0.378232
0.319944
0.360758
0.271603
1.04064
0.463277
0.739299
0.136186
0.337793
0.896579
1.3063
0.590894
0.00351307
0.186869
0.820974
0.849926
0.62962
0.0421897
0.488524
0.169135
1.02441
0.494761
1.26328
0.810212
0.19092
0.0505681
0.60475
0.759764
0.656205
0.0085883
0.392096
0.575617
0.221835
0.118884
2.60535
0.440827
0.122091
0.303905
0.513744
0.0566523
0.109558
0.848518
0.259945
0.0382363
0.0495604
0.548603
2.07909
0.266405
0.296788
0.418184
0.173352
0.672232
0.825479
0.303498
0.89185
0.299689
0.0979699
0.86979
0.441404
0.109014
0.783421
1.25209
0.00199186
0.469193
0.270203
0.182527
0.185113
0.45494
0.0586293
0.77995
0.826357
0.298098
0.0576802
0.203087
0.23699
0.997813
0.239067
3.03836
0.294383
0.648102
0.22251
0.23855
0.277059
0.0553261
0.700614
0.172744
2.01322
1.33108
0.539347
3.57118
0.0397223
0.428808
2.50563
0.153702
1.25398
0.783328
0.158829
0.187974
0.608244
0.391943
0.162279
0.31338
1.34953
0.0942354
0.476603
0.00291861
0.226198
0.0536718
0.055883
0.24325
0.531833
1.69669
1.21634
1.70806
0.0393873
1.77814
0.524748
0.00954575
0.0836393
0.161174
0.0276392
0.11361
0.524223
0.379392
0.810205
0.828541
0.285638
0.398738
0.629835
0.74636
1.2788
0.0618389
0.421437
1.09542
0.00420185
0.260499
0.35768
0.902948
0.217366
0.628138
0.0688721
0.150612
0.131827
0.533542
0.374157
0.0291399
0.574381
0.155193
0.285176
1.54697
0.332746
0.0644983
0.253034
0.833962
0.630872
0.10441
0.166091
0.373304
0.687263
1.82804
0.54396
1.15705
0.386288
0.25774
0.0136175
0.0238005
0.0157919
0.0113508
0.839
0.102384
0.113944
0.421269
0.133203
1.20141
0.0167424
1.52825
0.469387
0.565723
0.135941
0.273067
0.100046
0.0489083
0.529211
0.17487
0.2122
0.618405
0.354233
0.0768571
1.98269
0.0204382
0.0464673
0.361595
0.310726
0.69896
0.163631
0.330899
2.06051
0.00357041
0.533462
0.114891
0.836281
1.06845
0.328363
0.0844846
0.127406
0.463277
1.05502
1.29297
0.337793
0.940421
0.294185
0.038065
0.0670047
0.0590518
0.595227
0.138247
0.385587
0.0421897
0.0588539
0.363473
0.4908
0.321827
2.22795
0.314669
0.0246832
0.0596331
0.775026
0.0480136
0.263047
0.0305177
0.392096
0.0156336
0.221835
0.118884
1.51745
0.0916839
0.122091
0.494951
0.491774
0.36906
0.0294978
0.507726
0.957622
0.00905673
0.209804
0.548603
1.30038
0.293361
0.0644615
0.41309
0.173352
1.5132
0.962082
1.19197
0.531202
0.299689
0.0979699
0.00786659
0.257978
1.35257
0.133427
0.480842
0.00199186
0.154595
0.242234
0.368467
0.288649
0.0283869
0.13955
0.418982
0.0380717
1.01512
0.659258
0.838992
0.292861
0.760372
0.239067
1.45347
0.515895
1.91773
0.0624349
0.017462
0.36012
0.0553261
1.09204
0.207693
2.42597
0.0770474
1.12071
3.16051
0.0971004
0.517036
2.50563
0.153702
0.699493
0.67044
0.158829
0.285612
0.361768
0.067759
0.163335
1.09386
0.786239
1.93436
0.476603
0.704029
0.137107
0.0536718
0.055883
1.65048
1.14734
0.4154
1.51898
0.349367
0.0393873
1.10455
0.339212
0.0422943
0.616437
0.265607
0.314745
0.0994216
0.773229
1.28189
1.14552
1.62829
0.383469
1.3828
0.0757182
1.2254
0.645847
0.0618389
0.17632
0.706151
0.00420185
0.0582757
0.233331
0.713166
0.222457
1.92514
0.0688721
0.0579409
0.143094
0.463195
0.145299
0.0291399
0.574381
0.0916299
1.07914
0.215943
0.618571
0.100212
0.907954
0.0265688
1.02717
0.377053
0.0585591
0.234419
0.661114
0.0977527
1.05397
1.22852
0.574899
1.31514
0.540111
0.124573
0.0157919
0.479512
0.742505
0.509128
0.0450284
0.41066
0.195402
0.251759
0.197733
1.41376
0.116662
0.942654
0.473265
0.415927
0.252308
0.0489083
0.270492
0.17302
0.0926867
0.0555191
0.312103
0.0768571
0.392655
0.513094
0.101071
0.361595
0.363385
0.494359
0.163631
0.497968
0.293507
0.330325
0.0517525
0.81577
0.243681
0.321981
0.328363
0.26894
0.127406
0.492836
0.267588
0.530999
0.268715
0.306291
0.218819
1.11726
0.353049
0.156129
0.301044
0.138247
0.177909
0.284978
0.0588539
0.848321
0.493634
0.321827
3.34806
0.507745
0.201974
0.136724
1.88384
0.0688723
0.412603
2.49818
0.223924
0.0156336
0.182388
0.239147
0.957738
0.0554724
0.122091
0.494951
0.825127
0.399321
0.0294978
1.05994
0.781066
0.256986
0.209804
0.280946
1.44555
0.0366139
0.030357
0.715748
0.0264331
0.106951
0.360724
0.104966
0.715558
0.22065
0.0932965
0.00786659
0.450873
0.181194
0.0836245
0.0458681
0.306335
0.154595
0.0511047
0.988463
1.08559
0.399655
0.31401
0.108388
0.0380717
0.436961
1.30918
0.998475
0.698347
0.0239452
0.239067
1.29434
0.515895
0.192603
0.0380706
0.768359
0.134665
0.0994671
0.363245
0.0453908
3.32872
0.0770474
0.375314
1.91019
0.0971004
0.281406
1.37274
0.153702
0.294773
0.67044
0.158829
0.770948
0.861265
0.426357
0.825188
0.981236
0.786239
0.139882
1.03414
0.436658
0.391043
0.828101
1.09353
1.53208
0.398404
0.829763
1.24156
0.349367
0.0393873
1.24826
0.542686
0.395517
0.10029
0.265607
0.00868883
0.112761
0.411979
0.645551
0.788885
1.63947
0.129976
1.12584
0.00638167
1.10197
0.645847
0.125749
0.143131
1.1337
0.753266
0.0582757
0.0915132
0.981212
0.222457
0.0388852
0.00158494
0.511021
0.136075
0.26312
0.234837
0.0291399
0.283082
1.07555
0.840112
0.215943
1.09076
0.100212
1.75953
0.657651
0.406982
0.167299
0.0585591
0.0982493
0.153627
0.493951
0.285287
0.257642
2.35747
0.0569074
0.487269
0.181368
0.0320293
0.229829
0.158827
0.489027
0.315394
0.165492
0.0167483
0.865978
0.703186
1.21029
0.330462
0.41824
0.737432
0.179307
0.240826
0.0489083
0.166425
0.644059
0.582233
0.459966
0.62236
0.0768571
0.403728
0.475967
1.20459
0.148044
0.094454
1.02693
0.163631
0.0017088
0.391156
0.339621
0.415322
0.160948
0.153448
0.656666
1.42997
0.256754
0.810419
1.6677
0.0910113
0.154665
0.354897
0.46862
0.218819
1.30099
0.314787
0.130994
0.46409
0.138247
0.0691342
0.258401
0.732279
0.00502398
1.00281
0.574025
2.5626
0.223612
0.116471
0.133576
0.252632
0.67618
0.360914
1.71535
0.00311679
0.0156336
0.119007
0.287367
0.0491578
0.384463
0.122091
0.732554
0.136738
0.757356
0.0294978
0.961133
0.0322502
0.427079
0.091002
0.257766
0.155125
0.9158
0.030357
0.766942
0.25292
0.623229
0.106632
0.104966
0.133305
0.22065
0.0932965
0.169438
1.16843
0.338804
0.0836245
0.118271
0.452893
0.154595
0.0511047
0.443972
0.382432
0.527317
0.350674
0.152276
0.174122
0.675869
0.276146
0.380143
0.0864451
0.580749
1.00397
1.20214
0.368047
0.631929
0.0380706
1.04001
0.854929
0.238786
0.363245
0.697486
2.68166
0.0226201
0.4496
1.3142
0.556867
0.186776
1.77509
0.00258199
0.379461
0.511447
0.326471
0.592802
0.197319
0.366403
0.230663
0.681407
0.277077
0.139882
0.0132379
0.828796
0.414911
0.30781
0.777917
0.970986
0.5852
0.156689
0.733042
1.54158
0.0393873
0.824819
0.513749
0.375461
0.20965
0.26875
0.540419
0.112761
0.0623853
0.422789
0.166396
1.32547
0.0578586
0.28341
0.00638167
0.198824
0.43381
0.55154
0.143131
0.125693
0.930449
0.124819
0.0915132
0.921923
0.204354
0.247544
0.00158494
0.00258503
0.72115
0.438466
0.327455
0.0291399
0.0566082
0.0333384
0.169667
0.1207
0.588589
0.540332
0.650505
0.522624
1.10039
0.0797185
0.250151
0.22894
0.274285
0.106633
1.82501
0.941344
2.03662
0.396538
0.219541
0.829605
0.476189
0.0620948
0.228476
1.20634
0.477846
0.610732
0.0167483
0.772437
0.0872215
2.11128
0.330462
0.627424
0.608498
0.100205
0.240826
0.0864954
1.00209
0.644059
0.0583961
0.145252
0.293986
0.0768571
0.00628295
0.0819909
0.775933
0.0653874
0.010888
1.54425
0.589748
0.537777
0.29819
0.452125
0.54603
0.0185847
0.586708
0.0182241
1.08673
1.11089
0.0634802
1.43535
0.0910113
0.0345018
0.612037
1.87186
0.323774
1.36675
0.346483
0.130994
0.77125
0.261168
0.0691342
0.258401
1.44161
0.0263825
0.654751
1.04531
2.51241
1.06636
0.0918957
0.235595
0.316111
0.115664
0.0729616
0.980724
1.2164
0.0757261
0.119007
0.130154
0.616782
0.368103
1.3785
0.0466331
0.136738
0.0588134
0.0294978
0.436179
0.392554
0.058475
0.169148
0.485041
0.0751781
0.276741
0.321156
0.471207
0.855197
1.06597
0.384591
0.287951
0.133305
0.350394
0.35759
0.169438
1.32131
0.617984
0.152145
1.06703
0.449549
0.093682
0.0511047
0.443972
0.779142
0.527317
0.245119
3.21813
0.468264
0.849312
0.235439
0.101613
0.0757444
0.580749
0.339831
1.67617
1.17063
0.977787
0.347148
0.758282
2.01084
0.637991
0.432205
0.708302
1.52051
0.0226201
0.4496
0.568911
1.16806
0.629703
0.675366
0.289626
0.379461
1.43862
0.198301
0.0778622
0.0896336
0.228358
0.0231938
0.507092
0.854956
0.13221
0.311846
1.02846
0.183458
0.953726
0.311352
0.971545
0.25634
0.410147
0.733042
1.54158
0.824131
0.71661
0.513749
0.522657
0.20965
0.26875
0.637031
0.161829
0.0810744
0.302178
0.136354
0.873502
0.259328
0.0571556
0.00638167
0.521562
0.450647
0.0100507
0.894752
0.125693
0.397179
1.00298
0.0156312
1.31528
0.204354
0.654382
0.54911
0.0173487
1.63983
0.438466
0.380524
0.632465
1.01157
0.407531
0.0428439
0.1207
0.588589
0.151643
0.677017
0.384494
0.708783
1.08338
0.36856
0.0883014
0.274285
0.00640082
0.0451896
0.266931
2.75848
1.0443
1.11287
0.235553
0.476189
0.0620948
0.789427
0.595277
1.11502
1.468
0.981616
0.171363
1.127
2.63603
0.478768
0.278599
0.731802
0.40378
0.597719
0.0436437
0.524644
0.271186
1.18065
0.0254189
1.01919
0.386132
0.120371
0.024811
0.308499
0.491008
0.010888
0.775638
0.903067
0.246572
0.775913
0.426712
0.54603
0.415442
1.13458
0.18407
0.679435
1.27177
0.110866
0.390356
0.811926
0.0407409
0.354386
0.111538
0.0757959
1.62758
0.0844422
0.599364
0.042486
0.130311
0.0691342
0.0526678
0.25439
0.0593125
0.697116
0.693751
1.31473
0.34995
0.574635
1.02701
0.544876
0.295207
0.687981
0.248647
0.482981
0.0509244
0.119007
0.511173
0.341712
0.499224
0.897078
0.0466331
0.230704
0.0381217
0.259305
0.325303
0.240352
0.846041
0.169148
0.145151
0.0868871
0.112784
0.359584
0.676793
0.0798067
0.327397
0.201358
0.0834495
0.133305
0.351418
0.107847
0.169438
0.813643
0.191362
0.353399
0.765387
0.254701
0.753927
0.166353
0.979332
0.723959
0.197135
0.245119
2.584
0.231022
0.342161
1.23155
0.101613
0.00876975
1.33795
0.310548
0.881
1.82701
0.133261
0.0473328
1.83926
1.52826
0.210891
0.0869903
0.402554
0.340098
0.615377
0.185439
0.26035
0.163576
0.128314
0.558689
1.00031
0.371138
0.443539
0.495095
0.0778622
0.46133
0.228358
0.0231938
0.507092
0.0333495
0.13221
0.311846
1.33201
0.183458
0.629381
0.510585
0.33418
0.774313
0.402212
0.388296
1.69323
1.35956
0.138526
0.140229
0.318085
0.11109
0.0525741
0.0956215
0.265389
0.51159
1.04528
0.136354
0.997508
0.324828
0.0571556
0.00638167
0.740702
0.0606296
0.966045
1.43622
0.884163
0.624249
0.188087
1.32829
0.999922
0.204354
0.985574
0.2918
0.0173487
0.784074
0.575321
1.25422
0.516249
1.01157
0.676977
0.0428439
0.065269
0.720013
0.735826
0.26594
0.167929
0.370591
0.123686
0.279067
0.717707
0.207658
0.632974
0.0226111
0.168639
4.1315
1.09717
0.294438
0.0348359
0.476189
0.0620948
0.0760912
0.834517
0.277062
0.604498
0.97018
0.0685386
0.784143
2.60308
0.651217
0.278599
0.120132
0.372546
0.285718
0.0981613
1.11713
0.385438
0.134097
0.198452
0.116237
0.519902
0.168492
1.10192
0.0604684
0.838349
0.97862
0.793278
0.437966
0.467616
0.224131
0.06174
0.710485
0.296794
0.470528
0.422426
0.318369
0.202456
0.812109
0.784939
0.665319
0.276295
0.58523
0.255698
0.0757959
0.150793
1.26459
0.673196
1.50123
0.592811
0.418707
0.0526678
0.246812
0.170801
0.225274
1.22765
0.415006
0.542767
0.898582
0.648943
0.212368
0.0097032
1.09449
0.0259093
0.286026
0.297593
0.133875
0.566568
0.41782
0.499224
0.65848
0.0466331
0.17335
0.0381217
0.274535
0.813831
0.956802
0.127528
0.169148
1.00955
0.0868871
0.126033
0.639359
0.717821
0.29102
0.764344
0.441255
0.794372
0.675567
0.0659943
0.107847
1.62541
0.142753
0.191362
1.45477
0.0850591
1.05523
1.60183
0.338165
0.748803
0.0426343
1.07104
0.245119
1.62655
0.276729
0.723565
1.22629
0.1272
0.275158
0.840091
0.276194
1.05179
1.96282
0.0604302
0.0473328
0.1159
0.931966
0.333579
1.1165
0.200891
0.826134
0.250486
0.397897
0.905957
0.163576
0.128314
0.0385483
0.0297169
0.920148
0.624658
0.462929
0.0741328
0.0118454
1.17206
0.0451881
0.438529
0.933168
0.13221
0.133717
0.556987
0.510762
0.40211
0.714629
0.643174
0.158566
0.24321
0.430246
1.26992
0.057414
0.543463
0.140229
0.318085
0.0960791
0.804561
0.463379
0.925417
0.387036
0.401568
0.136354
0.671071
0.412095
0.820369
0.312156
0.178049
0.0662817
1.41745
1.78668
0.143071
1.286
0.877378
0.304781
0.0719492
0.570727
0.605616
0.0700331
0.0173487
0.712657
0.895096
0.728801
0.716773
1.28704
1.79554
0.0428439
0.334574
0.956676
0.854507
0.26594
0.263249
0.49667
0.265701
0.167943
0.481427
0.207658
0.436705
0.0257932
0.17067
4.70804
0.285035
0.074562
0.0574591
0.884883
0.491283
0.602724
1.95982
0.880125
1.09449
0.511703
0.623733
0.263494
0.604265
1.7519
0.0294717
0.835554
0.372546
0.0122259
0.930919
0.155658
0.534017
0.134097
0.519045
1.59736
0.799258
0.168492
1.51485
0.459978
0.310684
0.0175497
1.24595
0.429764
0.273514
0.387399
0.06174
0.675775
0.296794
0.243621
0.68555
0.333817
0.477138
0.103342
1.03197
0.309646
0.102873
0.249187
0.115319
0.450289
0.398362
0.743725
1.75234
0.776792
0.499976
0.418707
0.150381
0.246812
0.323226
1.23302
0.300688
0.161826
0.636976
0.909836
0.390881
0.212368
0.0707779
0.187611
0.644026
0.614796
0.327136
0.133875
0.149427
0.171593
0.894522
0.837818
0.277489
0.00554955
0.068146
0.229502
0.266963
0.499551
0.127528
0.408085
0.521728
0.0868871
0.322122
0.617038
0.179441
0.00786096
0.63674
0.0223132
0.0443173
0.926573
0.0659943
0.934631
1.06752
0.488025
0.276939
0.530131
0.116006
1.05523
0.918547
0.0131662
0.902672
0.0426343
1.07104
0.245119
0.565422
0.321932
0.93695
0.835672
0.0438609
0.947079
0.107816
0.205628
0.981363
0.976047
0.122271
0.547344
0.1159
0.681899
0.207293
0.577274
0.00540313
0.248731
0.0021283
0.397897
0.57742
0.297449
0.173269
0.183546
0.0297169
0.176744
0.167188
0.381573
0.0741328
1.07953
0.664416
0.0451881
0.0226756
0.41875
0.0405339
0.133717
0.0665314
0.817076
1.00425
0.5716
0.306257
0.610927
0.177458
0.381977
1.83847
0.057414
0.613634
1.72833
0.515589
0.25662
1.08011
0.281377
0.925417
0.100379
0.231678
0.699959
0.0624663
0.253582
0.34563
0.461057
0.560091
0.110396
2.00946
1.24166
0.20296
0.645126
0.478709
1.01538
0.156279
0.273518
0.169781
0.293756
0.370424
0.816766
1.32921
0.818164
0.891261
0.232366
1.58379
0.827121
0.412819
0.0010788
0.307538
0.822508
0.263249
0.242398
0.125354
0.167943
0.903353
0.94189
0.0623091
0.223857
0.17067
4.7363
0.595277
0.074562
0.306358
0.884883
0.8347
0.226919
0.609142
0.597406
0.795918
0.343539
0.681
0.239601
0.0543459
0.117438
0.608609
0.24302
0.968097
0.505982
0.298892
1.26731
0.387703
1.27743
0.793428
1.04343
1.70475
0.327242
1.5752
0.10772
1.00454
0.392241
0.461602
0.877171
0.241238
0.951542
0.13186
0.144362
0.612278
0.233767
1.05919
0.013316
0.000965932
0.269694
0.422102
0.258731
0.541721
0.858124
1.10171
0.0804922
0.87808
0.451419
1.11274
1.16154
0.177569
0.73383
0.195871
0.967987
0.559445
0.386496
0.98081
0.587858
0.619442
0.389713
0.652922
0.37774
0.0707779
0.233241
0.414205
1.14998
1.78165
0.0306084
0.0372078
0.206732
1.94123
0.246283
0.277489
0.0612883
0.059886
0.227935
0.34785
0.142414
0.5041
0.408085
0.370995
0.129399
0.500685
0.242573
0.0441043
0.00786096
0.0901902
0.476917
0.628185
0.103522
0.0659943
0.806961
0.896288
0.359343
0.598964
0.0122035
0.107653
1.23282
0.969103
0.0131662
0.566078
0.0405384
0.43116
1.33362
0.238288
1.5433
0.635805
0.180375
0.0438609
0.014754
0.306885
0.205628
0.45522
0.209588
0.122271
0.96658
0.1159
1.18904
0.80788
0.290424
0.00540313
0.0388453
0.204087
0.703894
0.57742
0.152654
0.173269
0.183546
0.204964
0.092468
0.167188
0.393016
0.405348
1.12029
0.00155436
0.0392666
0.0226756
0.134707
0.370126
0.109002
0.195367
0.730968
0.151821
0.25897
0.241631
0.368189
0.106427
1.32489
0.393363
0.0753139
0.0586564
3.41131
0.24019
0.25662
0.403917
1.41428
0.489439
0.477196
0.231678
0.699959
0.290647
0.316006
1.19333
0.83857
0.831648
0.110396
1.00558
2.27803
0.0649863
1.8977
1.04666
0.294949
0.0624216
0.206229
0.919923
0.293756
0.133746
0.559032
1.3485
0.519589
0.194338
0.232366
0.536458
0.355637
0.151012
1.31357
0.180683
0.837324
0.178719
0.242398
0.428936
0.167943
0.673045
0.0828494
0.465915
0.223857
0.549232
4.6529
0.171072
0.074562
0.105623
0.153835
0.87883
0.182659
0.762575
0.158539
0.058147
0.231575
0.592433
0.724441
0.126249
0.148016
0.24218
0.367255
1.07725
0.505982
0.413207
1.13103
0.939431
1.70092
0.119101
0.642798
1.59646
0.0353334
0.473854
0.10772
2.41739
0.392241
0.510889
0.0702073
0.321817
2.71672
0.0254573
0.451783
0.0113766
0.178816
0.656376
0.31333
0.399515
1.31556
0.216097
0.65329
1.69854
0.355781
0.228195
0.0804922
0.383147
0.185232
0.582187
0.303693
0.565517
0.273139
0.290155
0.0546959
0.487809
0.455592
0.668746
0.239506
0.321695
0.178675
0.193766
0.301501
0.982004
0.290739
0.267998
0.365234
0.101503
0.0361866
0.877567
0.407589
1.23651
0.246283
0.524606
0.18827
0.130131
0.720556
0.290043
0.0653126
0.206365
0.201631
1.02056
0.910105
0.0381632
0.24974
0.179194
0.0615171
0.259409
0.311941
0.255763
0.103522
0.0225585
0.329948
2.23416
1.319
0.0953876
0.0122035
0.00110156
0.661469
0.277063
0.198051
0.334942
0.982095
0.43116
3.06709
0.055021
0.960707
0.373378
0.180375
0.396777
0.135012
0.165926
0.00865364
0.195103
0.0174594
0.835682
1.70209
1.38774
0.640325
0.410219
0.189414
0.806164
0.0388453
0.204087
0.74249
0.166736
0.149287
0.769477
0.366143
0.204964
0.211962
0.875772
0.745628
0.145925
2.7264
0.583422
0.0336375
0.381425
0.134707
0.370126
0.761498
0.122021
2.29003
0.461467
0.516866
0.0835576
1.42944
0.169254
0.330156
0.393363
0.0753139
0.0586564
2.46099
0.766346
0.26675
0.831012
0.292163
0.158034
0.0535753
0.930127
0.427023
0.817995
0.325084
0.120117
0.418667
0.00823869
0.596129
0.411571
0.656139
0.0649863
0.808956
0.509846
0.09029
0.0952799
0.206229
0.383322
0.293722
0.134127
0.692024
0.57545
0.725139
0.975629
0.281149
0.993303
0.0535534
0.561933
0.0828531
0.113189
1.15918
0.178719
1.07893
0.575127
0.0916533
0.0874045
0.0565838
0.172285
0.00643073
0.309792
3.33301
0.555516
0.074562
0.0843053
0.153464
1.53938
1.04739
0.85343
0.728521
0.058147
0.652772
0.239086
0.196906
0.00436285
0.254618
0.253694
0.75539
0.416655
0.275252
0.0881365
1.3629
0.502732
2.33537
0.0506248
0.276352
0.530399
1.07339
0.73018
0.24021
0.86582
0.200966
0.744976
0.140225
0.471601
2.70757
0.0832139
0.0993271
0.356656
0.510436
0.164859
0.887975
0.139861
0.0617377
1.00009
0.200461
1.04927
0.355781
0.228195
0.0804922
0.843211
0.677302
0.374101
1.22915
0.839476
0.273139
0.533707
0.0546959
0.59496
0.0877131
0.329276
0.239506
0.168798
0.233612
0.193766
0.0588291
1.25141
0.871132
0.611779
0.619327
0.101503
0.527406
0.227364
0.275405
0.489732
0.363831
0.779612
0.18479
0.851523
0.0117085
0.60911
0.42994
0.715101
0.354573
0.464182
0.394163
0.0381632
0.620867
0.179194
0.550522
1.50411
0.0948148
0.339895
0.19364
0.101496
0.125647
1.30579
0.499648
0.46821
0.566731
0.214066
1.00803
0.146409
1.12138
0.407033
2.24155
0.326854
1.98564
0.055021
0.133115
0.373378
0.679224
0.481042
0.135012
0.389775
1.33747
0.3129
0.0725351
0.917561
0.672803
0.198038
0.731812
0.0639745
0.189414
0.110943
0.451976
0.294567
0.976836
1.4819
0.931738
0.676603
0.44955
0.751988
0.208251
0.561242
0.585612
0.594715
2.10351
0.314013
0.0336375
0.77481
0.800782
0.378188
0.819773
0.122021
1.74193
0.646146
0.077854
0.508532
0.208765
1.14825
0.0620095
0.0696337
0.0753139
0.859422
0.31135
0.0276948
0.804882
0.227018
0.0311696
0.158034
0.0788279
0.908036
0.237444
0.246004
0.156567
0.926893
0.159371
0.450179
0.992527
0.640034
0.656139
0.0649863
1.44565
0.122463
0.09029
0.0952799
0.730823
1.09328
0.158406
0.134127
0.277907
0.437346
0.71301
0.931572
0.0093769
0.233023
0.106196
0.495627
0.186587
0.0678374
0.682213
0.638448
1.43293
0.410536
0.0879179
0.291903
0.0755893
0.212129
0.00643073
0.266841
3.21153
0.822457
0.074562
0.59001
0.153464
2.51013
0.733468
0.120422
0.141551
0.058147
0.260146
0.176409
0.204552
0.377886
0.254618
0.267105
0.080004
1.20388
0.665758
0.00931169
0.398032
0.0695212
1.08336
0.221088
0.0725405
0.192927
1.31792
0.197891
0.24021
1.31343
0.739863
0.617222
0.0583874
0.105561
1.85553
0.479208
0.42203
0.301196
0.815118
1.07087
0.0536304
0.0988777
0.0617377
0.227488
0.450098
0.533377
0.141041
0.967011
0.23028
0.112937
0.435446
0.0673949
1.38092
0.110167
1.002
0.221374
0.232436
0.641284
0.179231
0.448419
0.65445
0.196402
1.00685
0.363759
0.795998
0.35236
2.23686
1.07859
0.359073
0.101503
1.6438
0.319613
0.580409
0.168143
0.318928
0.884547
0.0522269
0.231317
0.459231
0.00547785
0.359355
0.68352
0.235637
0.106802
0.196252
0.614055
0.307616
0.0736919
0.580244
1.37376
0.525143
0.0363234
0.129465
0.437689
0.294326
1.27611
0.716778
0.496788
0.296699
1.10612
0.63129
1.37935
1.37045
0.028789
2.24155
0.334757
0.735218
0.349403
0.133115
1.15119
0.758096
0.21846
0.103499
0.372699
1.0556
0.163966
0.0725351
0.87227
0.109212
0.198038
1.13276
0.09975
0.0491536
0.604106
0.451976
1.13756
1.34741
2.13011
1.86755
0.529294
0.813399
1.35575
0.180222
0.560447
0.124726
1.6941
3.32386
0.158224
1.56357
0.296163
0.551464
0.600062
0.638197
0.122021
0.80641
0.528663
0.318146
0.63603
0.124805
1.07681
0.0204833
0.0696337
0.178739
0.640114
0.524719
0.160773
0.134497
0.227018
0.162588
0.184372
0.0525168
0.00602226
1.1725
0.24226
0.185534
0.369101
0.159371
0.14661
0.283193
1.21762
0.462304
0.0649863
0.860846
0.621632
0.09029
1.37723
1.32634
0.165946
0.158406
0.311026
0.277907
0.097128
0.716559
1.22312
0.620231
0.233023
0.670506
0.197309
0.0588786
0.162461
0.202503
0.547695
0.282827
0.410536
0.0879179
0.197284
0.0755893
0.212874
0.526178
0.187336
3.4695
0.190716
0.130761
0.232611
0.153464
2.51013
1.11818
0.684215
0.607613
0.905957
0.260146
0.309155
0.274537
0.807644
0.468809
0.267105
0.288024
1.18408
0.532159
0.00931169
0.729802
0.396828
0.969352
0.220585
0.475602
0.492517
0.212173
0.113349
0.24021
0.021749
0.965814
0.196547
0.0583874
0.105561
0.20537
0.903846
0.0392085
0.301196
0.844373
0.117998
0.0297849
0.0988777
0.0712728
0.277529
2.74646
1.35468
0.342666
0.271549
0.23028
0.43901
0.540052
0.52901
0.453236
0.110167
0.689717
0.106038
0.32701
0.0886169
0.179231
0.00395778
0.740087
0.571775
1.29432
0.200689
1.14489
0.567489
1.64974
0.506558
0.52087
0.101503
0.866285
0.480883
0.0107733
0.69915
0.13517
0.678588
1.2756
0.160993
1.58935
0.00547785
0.00594464
0.17069
0.382373
0.074969
0.00241127
0.181616
0.390275
0.442684
0.215297
2.18153
0.16596
0.184363
0.530963
0.199302
0.452505
1.90654
0.0415255
0.369599
0.296699
0.394832
1.75129
0.319674
0.483863
0.439932
0.370846
0.502936
1.93794
0.860262
0.36656
0.0201872
1.48161
0.78977
0.103499
0.947665
0.0716385
0.825094
0.00324373
1.18089
0.109212
0.198038
0.945922
0.09975
0.512228
0.640481
0.101838
1.79307
0.893442
2.0536
0.738569
0.503831
0.0346069
1.73447
0.762023
0.573162
0.124726
0.766874
3.32386
0.107501
2.44935
0.462455
0.50149
0.303918
0.638197
0.149106
0.0941902
0.527691
0.33776
0.93364
0.124805
1.07681
0.322548
0.407665
0.169979
0.0243812
0.524719
0.160773
0.949518
0.186923
0.0167458
0.184372
0.175766
0.237161
0.861215
0.24226
0.0725366
0.369101
0.124402
1.12376
0.320136
0.67442
0.0306254
0.198672
0.99639
0.997366
0.398047
0.773187
0.424234
0.602042
0.158406
0.0586202
1.71798
0.890195
0.502206
1.0268
0.280013
0.11012
0.173731
1.11
0.0588786
0.162461
0.277709
0.649025
0.282827
0.296976
0.0487718
0.783926
0.178935
0.212874
0.526178
0.0801867
2.79385
0.190716
0.130761
0.173948
0.35614
1.21789
0.917063
0.134612
0.0777712
0.139904
1.17916
0.882184
0.235739
0.807644
0.830728
0.0211491
0.250845
2.13017
0.0556898
0.010954
0.542034
2.13972
0.581339
0.220585
1.83863
0.842305
0.191662
0.733744
0.44561
0.49708
0.151636
0.89554
0.0872764
0.179852
1.14968
0.164267
0.0392085
0.143086
0.307067
0.117998
0.919625
0.421977
0.488904
0.441539
2.68164
0.189017
0.589347
0.485064
0.988859
0.43901
0.263965
0.603342
0.194867
0.940128
0.0829667
0.106038
0.123932
0.372864
0.202831
0.76553
0.740087
0.406353
0.15916
0.136813
0.280531
0.254288
0.720771
0.637711
1.02693
0.690988
0.499265
0.148113
0.0350279
0.273092
0.14029
0.678588
0.884021
0.769005
1.44395
0.240105
0.0595682
0.325616
0.0672321
0.0881899
0.425727
0.181616
0.583994
0.868494
0.0811176
1.66216
0.134883
0.0491134
0.530963
0.0500122
0.10295
2.15422
1.43948
0.52236
0.804475
0.201249
1.75129
0.2691
0.481059
0.255775
0.10142
0.502936
0.871252
0.837515
0.570271
1.53116
0.566018
0.555502
0.79488
0.130439
0.133877
0.461593
0.499626
0.0738453
0.139458
0.267861
0.675834
0.272329
0.326924
0.327411
0.37417
1.81061
1.26173
2.25638
0.123732
0.246921
0.138547
2.09615
0.226386
0.585563
0.125882
0.397657
1.26176
0.66316
3.11767
0.833777
1.0098
0.383783
0.295591
0.504817
0.368368
0.158561
0.460641
0.544879
0.378674
0.610592
0.648725
0.08454
0.208861
0.0398626
0.506944
0.167796
0.893631
0.09312
0.625415
1.3595
0.275881
0.51406
0.0646436
0.0229688
0.328497
0.190155
0.00990553
1.95235
0.0195644
0.128813
0.789282
0.161028
0.0334306
0.711735
0.15336
0.323967
0.615356
0.602042
0.268313
0.449589
0.469921
0.404264
0.740832
1.52477
0.154173
0.203055
0.0889472
0.542327
0.468377
0.616224
0.196738
1.34927
0.0825977
0.137701
0.580318
1.53048
0.299284
0.552045
0.102379
0.330309
1.85503
0.473618
0.495277
0.560135
0.263134
0.221908
2.16196
0.192249
0.175603
0.139904
1.85569
0.23241
0.124629
0.99973
0.37505
0.253528
0.742077
2.0399
0.232001
0.657949
0.448459
0.772806
0.0209741
0.220585
1.58134
1.015
0.23076
0.677466
0.152659
0.367188
0.304213
0.374623
1.23734
0.798399
0.137123
0.00840218
0.0392085
0.0755443
0.0697496
0.148743
0.34468
0.585673
1.06831
0.393279
2.06176
0.597677
0.208185
0.485064
0.176873
1.16117
0.30971
0.13119
0.771356
1.60307
0.143757
0.146018
0.0429894
0.0591047
0.410442
0.888898
0.287239
0.260311
0.15916
0.136813
0.102598
0.302238
0.0574796
0.221805
0.15239
0.305748
0.614175
0.148113
0.0350279
0.369167
0.603829
0.39327
0.688279
0.36331
0.133907
0.301869
0.193917
0.322193
0.0672321
0.52319
0.640682
0.0204529
0.758805
0.752838
0.0161539
0.905584
0.534391
0.0659675
0.530963
1.01318
0.0310501
0.584633
1.60735
0.192519
0.44365
0.201249
1.39737
1.04335
0.686867
1.1193
0.10142
0.0258254
0.804457
0.496406
0.648947
0.511245
0.547681
0.088951
0.477537
0.0092949
0.287448
0.101701
0.732806
0.428914
0.140456
0.0713468
0.482395
2.18793
0.0472959
0.0798379
0.37417
1.81061
0.1698
1.10833
0.127237
0.246921
0.278421
0.103551
0.383103
0.545008
0.0955946
0.688577
0.783995
0.0928969
3.17568
1.263
1.0098
0.663478
1.13703
0.163386
0.668329
1.94083
0.219598
0.690712
0.8472
0.795942
1.39505
0.452451
0.113509
0.0398626
0.473841
0.167796
0.111686
1.85501
0.437033
0.677639
0.275881
1.06229
0.0646436
0.0699398
0.609257
0.892336
0.00990553
1.18813
0.133814
0.167696
0.669737
0.161028
0.394874
0.0139231
0.137188
0.0995875
0.0739329
0.652807
0.449978
0.0536048
0.469921
0.20283
0.071262
0.817294
0.668043
0.451389
0.0889472
0.542327
0.483921
0.533227
0.785658
0.764832
0.637406
0.508312
0.408654
1.04413
0.113609
0.325579
0.0773617
0.191382
1.51248
0.284234
0.17318
0.621922
0.149125
0.0945555
2.97683
0.16066
0.175603
0.00869401
1.39705
0.281997
0.10361
0.548782
0.497788
0.534957
0.159986
1.63889
0.232001
0.182715
0.448459
0.317179
0.17207
0.53966
0.774685
1.015
0.829731
0.947791
0.152659
0.277885
0.304213
0.374623
0.216794
1.71263
0.249213
0.166565
0.0392085
0.364666
0.0747365
0.406557
0.461292
0.356702
0.178083
0.357548
0.792258
0.168869
0.208185
1.05735
0.0769694
0.0706713
0.140384
0.13119
0.0551534
0.429954
0.0572682
0.846577
0.0137719
0.930204
0.259571
0.864844
0.287239
0.329835
0.0681084
0.639246
0.102598
0.991022
0.211865
0.0383859
0.288147
0.0421791
1.18112
0.084594
0.286355
0.707247
0.524332
0.124886
1.24739
0.894639
0.427376
1.48636
0.0123965
0.141126
0.936559
0.467497
0.387215
0.193868
0.596261
0.182817
0.379491
1.12686
0.692888
0.0732088
0.602778
0.540493
0.569798
0.149418
2.24426
0.0729791
0.322217
1.24645
1.10578
0.210637
0.00129882
1.49801
0.426231
0.285114
0.836862
0.410559
0.154277
0.0198742
1.11829
0.0566584
1.31322
0.735729
0.871419
0.191587
0.0214391
0.0830495
0.255151
0.350486
0.125371
2.14354
0.0472959
0.233167
0.0212225
0.707221
0.0101146
1.57171
0.0825354
0.18896
0.278421
0.510969
0.103206
0.145117
0.0955946
0.697119
0.077406
0.0659099
4.08079
1.0026
0.944576
0.348901
1.63884
0.0277754
0.962591
1.42645
1.16857
0.112218
1.33571
0.795942
0.917598
0.565895
0.0292175
0.0398626
0.497695
0.301451
0.109799
0.788582
0.437033
0.0668391
0.81495
1.15859
0.0646436
0.135912
0.23648
0.942261
0.739549
0.759722
0.133814
0.251561
0.591031
0.817814
1.08131
0.0662854
0.375462
0.15082
0.150277
0.753738
1.13898
0.0726075
0.758496
0.20283
0.139197
0.0583636
0.853251
0.368468
0.310307
1.54244
0.242214
0.0263618
0.45678
1.05665
0.771997
1.23166
0.475278
0.0272041
0.927687
0.181002
0.313346
1.03445
0.543528
1.11179
0.17318
1.48871
0.966561
0.140043
0.806375
0.284227
0.285164
0.306388
0.342876
0.281997
0.245451
0.265401
0.223236
0.0606793
0.0218318
0.794073
0.232001
0.283989
0.327703
0.509278
0.579088
0.53966
0.492513
0.644695
0.885822
0.61416
0.333509
0.84866
0.444302
0.207666
0.259667
2.00152
0.257308
0.431669
0.082458
0.400367
0.285165
0.0753222
0.461292
0.226324
0.178083
0.627643
0.189401
0.230032
0.68114
0.00394936
0.0602351
0.930645
0.418599
0.13119
0.0551534
0.383459
0.0572682
0.588996
0.0137719
1.39918
0.295404
0.333024
0.366354
0.696895
0.577436
0.123348
0.102598
1.28309
0.707123
0.454496
0.0697469
0.250998
1.07409
0.587225
0.0924693
0.857519
0.524332
0.451535
0.0391178
0.11131
0.347474
1.58916
0.0123965
0.188041
0.242691
0.887951
0.253912
0.772184
0.187311
0.246513
0.417739
0.103434
0.293791
0.785316
0.138538
0.209575
0.164095
0.149418
0.0610311
0.112866
0.0563405
0.518504
0.53646
0.31823
0.436966
0.689497
0.05641
0.093577
1.12251
0.7841
0.0375407
1.39846
0.0446966
0.0566584
0.474409
0.630593
0.070509
0.191587
0.365097
0.136465
0.439634
0.0150082
0.0154458
0.588372
0.0472959
0.233167
0.0212225
1.53775
0.21449
0.429099
0.583179
0.654497
0.131638
0.372635
0.103206
0.186037
0.23775
0.618972
0.077406
0.198026
2.27021
0.331317
1.03982
0.439319
0.85261
0.0953839
0.312814
0.917117
0.548896
0.0192579
1.98604
0.834996
0.303297
0.201552
0.545216
0.225765
1.36802
0.301451
0.0616421
0.500604
1.25174
0.0114054
2.11081
0.0321977
0.352507
0.176119
0.428359
0.402788
0.0878139
0.691545
0.403181
0.00498222
1.26606
0.308463
0.188784
0.119264
0.0175632
0.0890367
0.435153
0.00223322
1.13898
0.0726075
0.259625
1.06725
0.155201
0.158911
0.380608
0.617582
0.499719
1.75743
0.441771
0.097933
1.31722
0.923832
0.804555
1.54978
0.3231
0.633728
0.927687
0.886217
0.0337074
0.231809
0.161275
0.509554
0.371162
1.10169
1.09609
0.0701613
0.633139
0.284227
0.295102
1.11295
0.28585
0.451938
0.429195
0.7182
0.185197
0.0606793
0.161249
0.84835
0.0218535
0.0117926
1.03761
0.0343965
0.00831107
0.00858094
1.37124
0.183914
1.19436
0.843033
0.00596532
0.106622
0.32554
0.0946171
0.352167
0.847714
0.274552
0.431669
0.082458
0.398285
0.934369
0.256409
0.176611
0.546807
0.178083
0.488641
0.189401
0.0117785
1.10224
0.562261
0.0383067
1.6666
0.194465
0.13119
0.00147485
0.809183
0.64703
0.409946
0.0412615
0.905281
1.50899
0.951712
0.0590515
0.875057
0.655936
1.0362
1.22389
0.493487
1.16193
1.42354
0.105915
0.45498
0.928228
0.54464
0.15298
0.0157774
0.494687
0.451535
0.917638
0.344624
0.729875
0.179812
0.0123965
1.26084
0.0649133
0.230545
0.22967
0.112746
0.148345
0.115352
0.236075
0.0459276
0.434687
2.35225
0.138538
0.237704
1.34684
1.12364
0.403109
0.124712
0.363052
1.00887
0.686888
0.184961
0.356148
0.470877
0.882767
0.490361
0.580309
0.130458
0.436676
1.16094
0.0446966
0.442505
0.267479
0.707799
0.0601087
0.191587
0.535608
0.136465
0.0482221
0.0150082
0.0154458
0.0624462
0.710386
0.699491
0.643258
1.31298
0.21449
0.597094
0.351857
0.667174
0.150368
0.253711
0.455684
0.104131
1.24799
0.27714
0.150713
0.198026
0.000285223
0.977241
0.836974
0.245426
0.647643
0.201818
0.312814
0.0932622
0.0859927
0.0192579
0.977943
1.31439
0.467661
0.0119583
0.545216
0.706672
0.200479
0.385871
0.847921
0.500604
0.826845
0.0114054
0.610687
0.251161
0.352507
0.162501
0.225584
0.177411
0.0759933
0.566242
0.403181
0.00498222
1.00538
0.341137
0.188784
0.419417
0.204366
0.0722073
0.435153
0.860898
0.68255
0.35978
0.042232
2.04288
0.500568
0.158911
1.31843
0.886997
0.324927
1.88091
0.228745
1.18599
0.276041
0.420752
0.111249
1.46145
0.140115
0.377606
0.489609
0.190456
0.600898
0.459249
0.395182
0.509554
0.218532
0.525298
0.0170212
0.13279
0.440815
0.284227
0.411544
0.620581
0.582095
0.670368
0.329363
0.0967769
0.185197
0.67699
0.0175896
0.472526
0.139734
0.288216
0.427381
0.943585
0.701939
0.0145509
2.49524
0.687847
0.542254
0.5243
0.00596532
0.328848
0.267251
0.256872
0.146871
0.847714
0.631543
0.271979
0.082458
0.425609
0.0319858
0.743803
0.739045
0.525193
0.172471
0.455812
0.170726
0.804965
0.123657
0.662436
0.133715
0.383008
0.194297
0.0130165
0.637706
0.749222
1.27509
0.221094
0.0412615
0.0690575
0.329158
0.148004
0.0590515
0.114343
1.63348
0.36975
2.54987
1.0348
2.06222
2.11448
0.105915
0.0429813
0.443728
0.40524
0.998186
0.216886
0.466063
0.441766
0.45161
0.344624
1.37557
0.266876
0.313891
0.441344
0.0899981
0.758222
0.243459
0.294147
0.291323
0.0769962
0.236075
0.366821
1.08448
1.60816
0.262068
0.220225
1.57984
0.871539
0.980538
0.124712
0.775893
0.40655
0.618274
0.184961
0.125468
0.408664
1.57413
0.263571
0.36357
0.230748
0.684122
0.189422
0.177519
0.115207
0.305076
0.0907933
0.42442
0.887654
0.535608
0.452272
0.461832
0.0150082
0.333081
0.0370467
0.0685705
0.153662
0.280062
1.9453
0.457386
0.0649444
0.481396
0.214663
0.242961
0.253711
0.169437
0.343542
0.198762
0.735923
0.635272
0.198026
0.218212
0.338512
0.437141
0.245426
0.0433949
0.0964793
0.229862
0.146287
0.0859927
1.16216
1.03109
1.53948
0.0636522
0.0119583
0.774229
0.431908
0.575773
0.632237
0.942106
0.680943
0.644434
1.31068
0.0304418
1.46999
0.152654
0.0851742
0.470009
0.177411
0.0426877
0.730946
0.284129
0.150047
1.09235
0.160753
0.9348
0.319638
0.0130335
0.74654
0.435153
0.77471
0.093257
0.0873513
0.042232
2.04411
1.40263
0.122726
0.433203
0.126728
0.489463
1.21132
0.345996
0.23169
0.484401
0.420752
0.111249
0.174628
0.605079
0.147895
0.35125
0.687444
0.424412
0.311149
1.4812
0.214558
0.477914
0.388382
0.0170212
0.231782
0.459532
0.779999
0.610233
0.300373
0.484157
2.49279
0.139175
0.0967769
0.00294415
0.55012
0.206492
0.101718
0.735902
0.370743
0.59612
0.148949
0.701939
0.204012
1.87115
0.840249
0.355758
0.0476485
2.14219
0.707061
1.2374
0.0170038
1.14013
2.52944
0.0912966
0.280345
0.00439755
0.547564
0.492714
0.188732
0.436393
1.54936
0.912551
0.0783354
0.971591
1.02511
0.123657
1.54022
0.420175
0.0612311
0.131693
0.0130165
0.0421292
0.485851
1.63329
0.221094
0.971344
0.358649
0.174664
1.12305
0.905683
0.114343
1.1714
0.057949
1.85539
0.0359632
0.819527
3.5789
0.028876
0.0429813
0.119849
0.59777
0.241248
0.567376
0.639959
0.441766
0.0457652
0.196459
1.11791
0.266876
0.0326624
1.10169
0.0899981
0.188394
0.598705
0.211251
0.445235
0.61039
0.105365
0.243794
0.911723
1.33776
0.548519
0.729753
0.362151
0.316245
0.173969
0.0644061
0.639414
0.680121
0.240131
1.47163
0.0940102
0.835815
1.4043
0.654236
0.0192005
0.230748
1.13095
0.175909
0.033986
0.621054
0.828102
0.960996
0.440456
0.152187
0.276807
0.0858441
0.145659
0.207643
0.333081
0.776504
0.0391202
0.0167968
0.3132
0.834228
0.0326322
0.614673
0.269884
0.666743
0.242961
0.150244
1.56557
0.94378
0.232917
0.444275
0.686904
0.779381
0.0378414
1.32942
0.58119
0.941127
0.0621696
0.466733
0.436502
0.708256
1.85244
1.1932
1.26547
1.14217
1.02187
1.09688
0.167344
0.326601
0.701245
0.986493
0.519676
0.660543
0.0937409
1.34577
0.0968868
0.880453
0.244411
0.446223
0.0254837
0.0526563
0.187454
0.902051
0.37318
0.470536
0.456427
0.309966
0.700113
0.00735903
0.192064
0.639668
0.730597
0.0946316
0.175236
0.333756
0.0718502
1.31122
0.283183
0.122726
0.787179
0.126728
0.489463
0.532184
0.0322085
1.08203
0.180129
0.420752
0.111249
0.174628
0.663762
1.42876
0.426553
0.352869
0.335744
0.311149
0.779044
1.31168
0.117968
0.256106
0.905117
0.471018
0.578779
1.81966
0.0505172
0.260961
0.0323801
1.35431
0.104609
0.257528
0.984089
0.147565
0.344643
0.158858
0.293432
0.489642
0.825034
0.0929304
1.41771
0.204012
1.22266
0.141302
0.355758
0.0476485
1.14767
0.505927
1.2374
0.675448
0.31036
1.37619
0.396057
0.0840089
0.00439755
0.26779
0.911038
0.90556
0.485218
1.33121
0.579154
0.0783354
0.413426
0.916876
0.145595
1.43516
0.20951
0.141863
0.131693
1.62698
0.0421292
0.830666
1.61663
0.448001
0.135155
0.10338
1.31571
0.822774
0.3737
0.114343
0.265488
0.057949
0.0415834
0.312238
0.556928
2.53765
0.12383
0.103251
0.119849
0.101302
0.736366
0.250133
1.06462
0.647909
1.09926
0.384224
0.494129
0.266876
0.0326624
0.603765
0.324747
0.188394
1.3328
0.192873
0.289926
0.774794
0.0230081
0.0224532
0.608303
0.853452
0.306903
0.256998
0.275267
0.316245
0.191709
0.0756992
0.639414
0.379218
0.245782
1.08758
0.265109
0.0548454
1.82121
0.315421
0.788576
0.230748
0.752207
0.0315117
0.033986
0.0620403
2.0402
0.125071
0.440456
0.127541
0.92828
0.0858441
0.145659
0.0854079
0.685051
0.687874
0.0647403
0.0740786
0.278197
0.0883776
0.00441951
0.153436
0.0685508
0.405193
0.509359
0.386003
1.77742
1.23077
0.128255
0.153057
0.343146
1.13622
0.894129
0.00606864
0.0445486
1.52596
0.346986
0.787492
0.340019
1.02878
1.0116
0.173918
0.896244
0.492147
1.63948
0.16709
0.0816589
0.249981
0.490921
0.853345
0.391138
0.660543
0.0937409
0.509713
0.0625213
1.57163
1.06243
0.555902
0.104841
0.735951
0.177566
0.496257
0.410994
0.411078
0.198628
0.309966
0.486372
0.00735903
0.403515
0.380915
1.79204
0.0946316
0.0417175
0.333756
1.06493
0.101058
0.286624
0.0244042
0.316605
0.0362483
0.712007
0.816468
0.0593126
1.32392
0.707398
0.420752
0.518797
0.237469
0.548062
0.256352
0.0854874
0.577369
0.335744
0.254417
0.39034
0.234722
0.117968
0.252123
2.3676
0.123991
0.56657
0.428008
0.0505172
0.260961
0.763811
0.135311
0.104609
1.2481
1.2008
0.988617
0.366197
0.17449
0.194001
0.0811718
0.406362
0.0929304
0.100493
0.204012
1.22266
0.141302
0.0310338
0.925891
0.287236
0.323737
1.00007
0.348588
0.133994
0.704954
0.325095
0.125884
0.445157
0.15321
0.452811
0.427251
0.136172
0.287064
0.855813
0.0461602
0.404008
0.916876
0.0285565
0.71166
0.0576573
0.293439
1.1586
1.62698
0.909012
0.670801
0.927694
0.228197
0.135155
0.0419597
0.0792782
0.372618
0.299597
0.00947213
0.176937
0.752346
0.237289
0.165029
0.0353471
2.07383
0.176231
2.44567
1.21694
0.0117547
0.118446
0.217854
0.139413
0.475225
0.750255
0.468304
1.0436
0.329872
1.08252
0.131712
0.827023
0.188394
2.1558
0.152417
0.0131633
0.0484279
0.176051
0.372635
0.134203
0.322612
0.203876
0.126348
1.73343
0.260915
0.0504357
0.0756992
1.15727
1.42588
0.123811
0.0836486
0.306795
1.42924
0.991772
0.0730604
0.99593
0.0283759
1.17955
0.116663
0.49156
1.06144
1.54955
0.0642355
0.0815682
0.275922
0.504423
0.0172946
0.145659
0.692211
0.0280971
1.50078
0.0647403
0.360108
0.854
0.172481
0.00441951
0.0956393
0.258414
0.405193
1.17016
0.386003
0.952566
0.612428
0.128255
0.33255
0.387731
0.396917
1.73934
0.142313
1.03591
0.038956
0.346986
0.361394
0.00401133
1.31836
0.0123399
0.173918
0.0643594
0.117962
2.74145
0.16709
0.312075
0.473248
0.832769
1.0915
0.6641
0.268592
0.306464
0.618588
1.06638
1.00043
0.111272
0.555902
0.104841
1.00704
1.26108
0.496257
0.0763131
0.411078
0.198628
0.652513
0.0043547
0.00735903
1.21264
0.380915
1.89839
0.522603
0.0417175
0.114654
0.252564
0.0124496
0.456339
0.391076
0.289825
0.42926
0.147633
0.868215
0.0593126
1.09716
0.0662575
0.147206
0.0225225
1.29865
0.126856
0.643586
0.0854874
0.409707
0.268325
0.046315
0.39034
0.304063
1.13095
0.252123
1.07313
0.123991
0.762109
0.00897078
0.0287701
1.56792
0.0287627
0.196864
0.620864
0.299526
0.41464
0.350322
0.134482
0.468055
0.465137
0.0420492
0.86985
0.0929304
0.100493
0.204012
0.798498
0.0643618
0.0310338
0.0460391
0.0199167
0.613503
0.843685
0.172304
1.14208
1.00326
0.212181
0.09989
0.840834
0.15321
0.391633
0.185943
0.136172
0.41995
0.281442
0.31373
0.232785
0.232005
0.147433
0.479533
0.75067
1.09643
0.243994
1.61371
1.30212
1.21828
0.0912351
0.193219
0.135155
0.0419597
0.297439
0.25082
0.617542
0.183414
0.390792
0.7255
0.48368
0.515216
0.0353471
1.26039
0.460052
1.42259
0.850532
0.273337
0.118446
0.0151217
0.113369
0.819756
0.5022
0.126312
0.646867
0.679715
0.353738
0.261099
0.323488
0.0429867
1.82786
0.0746176
0.221007
0.256112
0.0602398
0.181225
0.026575
0.636383
1.94046
0.703364
1.13975
0.406026
0.211021
0.59952
0.154844
0.608507
0.347004
0.806628
0.0330039
0.628452
1.03642
0.0646876
0.661993
0.0283759
0.256713
0.864977
0.855193
1.20603
0.306721
1.02477
0.0815682
0.692525
0.0895908
0.0172946
0.488001
0.168878
0.697537
0.61471
0.296389
0.834196
0.219359
0.371781
0.10251
0.504192
0.281159
0.338153
2.1316
0.275178
0.511286
0.0648466
0.128255
0.30848
0.415682
0.115874
1.17547
1.19224
0.358583
0.10943
0.514329
0.380637
0.0211296
2.3899
0.269237
0.755447
0.503744
0.237915
1.02314
0.104712
0.312075
0.206972
0.676723
1.33129
1.79694
0.483381
0.592334
0.421094
0.840243
0.123626
0.111272
0.207391
0.864968
0.954362
1.64551
0.292921
0.321423
0.641986
0.938757
2.0079
0.588855
0.00735903
1.76918
0.293632
0.197393
0.561344
0.106066
0.176472
0.131447
0.0124496
0.172986
0.096623
0.289825
0.396787
0.709199
0.794984
0.421194
0.127146
0.0662575
0.147206
0.0472011
1.33893
1.3302
0.118395
0.0854874
1.30072
0.085059
0.853561
0.738493
1.07205
0.732341
0.0331537
0.924708
0.154516
0.762109
0.00897078
0.0287701
0.29847
0.361303
0.577848
0.295156
0.299526
0.403064
0.738634
0.134482
0.0341388
0.402419
0.356521
1.12448
0.731033
0.100493
0.00463169
0.39993
0.700579
0.0375323
0.205082
0.323726
0.763059
0.608941
1.62657
1.27486
0.380982
0.457966
0.187681
0.0464649
0.15321
0.763273
0.230777
0.136172
0.655299
0.400672
0.169856
0.232785
0.00907424
0.211322
0.214089
1.20596
0.400277
0.307308
1.2761
0.337772
0.393262
0.338057
0.259334
0.217055
0.180669
0.288365
0.203794
0.417409
0.552538
0.518847
1.6182
0.941946
0.924674
0.0353471
0.838828
1.48711
0.805307
1.05507
0.293495
0.839096
0.764536
0.315194
1.04175
0.5022
0.450976
0.106086
0.520198
0.900601
0.644545
0.2489
0.0649262
0.897927
0.915633
0.10453
0.530654
0.0602398
0.184008
0.69657
0.106822
0.880187
0.573491
0.436879
0.406026
0.224063
1.5436
0.208339
0.069746
0.472076
1.06517
0.0330039
0.922757
1.01594
0.559584
0.377715
0.882769
0.57712
0.0301036
0.0196066
0.316439
0.306721
1.40153
0.0815682
0.962565
0.0895908
0.0138209
0.4986
0.0338552
0.750438
0.307953
0.58894
0.589639
0.0464094
0.371781
0.10251
1.76273
1.27686
0.338153
1.48061
0.532324
0.208876
0.012658
0.522938
0.0384253
0.425695
0.480333
0.583489
1.51032
0.082019
0.837295
1.05782
0.144633
0.0211296
1.7435
0.330024
0.56351
2.02707
0.219492
0.624557
0.081951
0.698463
0.127919
0.0893271
0.203305
0.511858
0.117986
0.828313
1.32299
0.840243
0.111439
0.750872
0.92751
0.201379
0.467164
0.572474
0.497554
0.103506
0.914476
1.06255
2.49036
0.42694
0.155687
1.69875
0.590891
0.358275
0.619076
0.0770639
1.25699
1.82125
0.0124496
0.0824459
0.096623
0.410961
0.0184964
0.540202
0.0829913
1.2007
0.145432
0.0662575
0.688809
0.408126
1.13734
0.440423
0.118395
0.00203501
0.649917
0.339546
0.347492
0.76165
1.40115
0.691101
0.700946
0.252599
0.125098
1.60144
0.134004
0.0287701
0.209577
0.919462
0.00389774
0.169582
0.370074
0.781416
0.70344
0.210187
0.122124
0.440839
0.356521
0.163049
1.71105
0.0526403
0.0783892
0.0885086
0.307104
0.0375323
0.205082
0.246062
0.0185722
0.17815
0.459477
0.73339
0.102655
0.519411
0.219969
0.0327606
0.875558
0.313552
0.694703
0.136172
1.07538
0.571753
0.169856
0.193004
0.155297
0.191558
0.14882
0.0438674
0.400277
0.212485
0.354689
0.540755
0.00368394
0.338057
0.0822273
1.32858
0.441143
0.0834495
0.869407
0.498447
0.00404231
0.0809125
1.65293
0.393524
0.749516
0.0817158
0.504503
0.755049
0.976912
0.952655
0.106403
0.658073
0.283515
0.199015
0.766946
0.543919
0.12945
0.475011
0.207315
0.0483513
1.02222
0.277544
0.32991
0.757428
0.24853
0.799731
0.779843
0.673514
0.925157
1.03311
0.252508
1.05741
0.669604
0.0702756
0.707019
0.70304
1.36076
0.748292
0.497645
0.472076
0.952966
0.299196
1.4296
0.360096
0.0696511
0.722177
0.00368274
0.603123
1.47773
0.537585
0.787377
0.306721
1.40153
0.494216
0.382099
0.0895908
0.442288
0.28332
0.036309
0.0737097
0.0111052
0.12652
0.0681694
0.537116
0.371781
0.0742214
0.928887
1.16713
0.736977
2.27345
0.671623
0.605521
1.03788
0.243459
0.616844
0.212983
1.15608
0.407079
0.998789
0.125566
0.0355523
1.05782
0.170097
0.170559
0.676113
0.711082
0.56351
1.80207
0.0688175
0.276892
0.278115
0.873807
0.401136
0.010391
1.18635
0.183253
0.158647
0.557077
0.949973
0.425094
0.160366
1.34064
0.138296
0.0822195
0.148218
0.290557
0.408344
0.330688
0.357612
0.161835
1.87046
0.633053
0.155687
1.29943
0.13574
0.0356236
0.362898
0.0770639
1.15553
2.99312
0.0124496
0.0606761
0.096623
0.047704
0.0304656
0.0132707
0.0829913
0.138883
0.165449
0.0624416
0.956675
0.504802
0.401672
1.18304
0.356305
0.03399
1.01918
0.711058
0.109688
0.634433
0.919731
0.00472946
0.581936
1.11848
0.0603612
2.50505
0.723006
0.0044662
0.893506
0.992844
0.00389774
0.544756
0.441034
0.565818
0.088948
0.1227
0.00962802
0.10146
0.250388
1.46187
0.317504
0.0346983
0.03771
1.65828
0.388638
0.341445
0.0445492
0.0643006
0.737873
0.128648
1.06528
0.878245
0.845148
0.0820946
0.425979
0.355452
0.234124
0.322012
2.43618
0.50853
0.0491621
1.02501
0.186189
0.193004
0.528561
0.270494
0.132423
0.749628
0.388625
0.0618054
1.10041
0.244925
0.517111
0.676951
0.702059
0.761892
0.367998
0.139338
0.0035723
0.0263491
0.370996
0.114742
0.0740877
0.0582495
0.110442
0.239301
0.133049
0.475956
1.78857
0.61474
0.740525
0.402415
0.283515
0.199015
0.125351
0.104338
0.907751
0.194192
0.494946
0.0483513
0.195218
1.22294
0.00499943
0.757428
0.0557402
0.0222931
1.37646
0.499652
1.15611
0.307676
0.252508
0.147227
0.910937
0.257948
0.845988
0.818038
0.176168
0.970797
0.179554
0.447429
0.238742
0.185064
2.52253
1.0244
0.656243
0.876873
0.500655
0.239432
0.272721
0.35647
0.148182
0.0284035
0.578387
0.217004
0.168717
0.345913
0.149371
0.186236
0.0337836
0.511838
0.0792373
0.0950742
0.00133585
1.37331
0.0504803
0.296992
0.807234
0.479407
0.0132182
2.62096
0.418825
0.149256
0.0556844
0.261265
0.0651167
0.0627691
0.70808
0.180516
0.192189
0.45833
0.45196
0.685837
0.430746
0.170559
0.312511
0.645995
0.518387
3.57283
0.0688175
0.168319
0.487859
0.435328
0.697482
0.142349
0.307478
0.0195153
0.537435
0.40182
1.01512
2.52093
0.00440777
0.342727
1.07703
1.23465
0.297137
0.288891
0.384115
1.60492
0.0614322
0.0884408
0.484556
0.0320922
0.366641
1.42716
0.219759
0.0356236
0.687872
0.159147
0.0466948
2.58536
0.0124496
0.00678978
0.096623
0.146447
0.294782
0.0132707
0.0829913
0.550392
0.212805
0.0247323
1.05896
0.0734928
1.09146
0.0437321
0.356305
0.00915353
1.64475
0.455578
0.174622
0.237078
0.400712
0.241784
1.23993
0.277898
0.0603612
0.942807
0.739309
0.0044662
0.312953
0.406001
0.00389774
0.544756
0.717694
0.383716
1.21142
0.238328
0.00962802
0.424365
0.0887773
0.818244
0.490833
0.752454
0.03771
0.837467
1.18938
0.276892
0.953569
0.0643006
1.16404
0.503364
1.63033
0.150453
0.799665
0.0820946
0.284216
0.142553
0.174881
0.155208
3.0871
0.255846
0.45281
0.367118
0.60931
0.5892
0.29421
2.23397
0.210849
0.980363
0.602723
0.015197
0.610147
0.0572607
0.439888
0.499244
0.542383
0.086258
0.781569
0.616131
0.991242
0.0263491
0.848165
0.0661421
0.796226
0.527423
0.379467
0.341786
0.282895
0.605346
1.63634
1.49522
0.057407
0.408099
0.51318
0.649136
0.00789453
0.104338
0.0270663
0.508352
0.164539
0.0105326
0.195218
0.559876
0.727256
0.476674
0.746905
0.470404
1.87511
0.958096
1.15611
0.140759
0.154503
0.0754357
0.351148
0.635126
0.342975
0.42783
0.483158
0.0614098
0.773467
0.019883
0.0795186
0.185064
1.6378
0.194204
1.50983
0.159956
0.617321
0.61937
0.542593
0.0105551
0.674872
0.0284035
0.490032
1.19208
0.455784
0.568679
0.149371
0.2033
0.318518
0.0349012
0.64924
0.675899
0.00133585
0.0361495
0.644987
0.335859
1.89847
0.493131
0.0132182
1.8538
0.36661
0.315116
0.168286
0.070257
0.219428
0.434334
0.43795
0.173277
0.486129
1.4404
0.924055
1.41967
0.728094
0.73285
0.636025
0.854479
0.0721226
3.63814
0.622344
0.168319
0.0578707
0.0652279
0.714679
0.0908686
0.368229
0.772867
0.386846
0.052546
1.03833
2.02824
0.587986
0.342727
0.345631
0.683602
1.27946
0.563283
0.31882
0.692963
0.200809
0.664934
0.532795
0.663455
0.0356277
0.670817
0.201603
0.442446
0.324861
0.226849
0.0871701
1.94807
0.0124496
0.122356
0.096623
0.298834
0.303946
0.394724
0.00146312
0.0150632
0.923824
0.724373
1.22981
0.0885369
0.89003
0.287312
0.0694189
0.00915353
1.64475
0.696203
0.174622
0.523912
0.400712
0.257693
0.260208
0.277898
0.171328
0.573347
0.731729
0.100076
0.312953
0.159119
0.00389774
0.577
0.331282
0.456341
0.210414
0.238328
0.13212
0.570183
0.38415
0.368071
0.0149244
0.83193
0.392157
0.148228
0.442269
0.276892
0.730888
0.27578
2.31893
0.16464
1.53798
0.676687
0.771405
0.20092
1.25061
0.201799
0.331641
0.155208
1.6936
0.306667
0.376585
0.509703
0.60931
0.396241
0.29421
1.43574
0.448402
1.37595
1.02799
0.455763
1.07539
0.161936
0.439888
0.159166
0.542383
1.2528
0.277069
0.287714
0.0257822
0.0263491
0.168811
0.375545
0.0639998
0.283889
0.461535
0.341786
0.282895
0.945099
0.520945
2.16709
0.126572
0.167974
0.104557
0.128245
0.00789453
0.0886597
0.0270663
0.497983
0.56972
0.0708684
0.184912
0.160438
0.196871
0.31676
0.106317
0.680091
0.943038
0.676956
0.896407
0.531578
0.5269
0.711191
0.132684
1.08145
0.635909
0.412104
0.571049
0.299436
0.0141538
0.067481
0.0721749
0.137908
1.55467
0.194204
1.57901
0.277909
0.382408
1.0436
0.542593
0.278349
1.04555
0.386608
0.20762
0.50413
0.0366216
0.282605
0.169912
0.148409
1.38296
0.0349012
0.282057
0.459944
0.119712
0.0554264
0.169927
0.556059
1.46655
0.441241
0.0132182
1.70733
0.474076
0.403315
0.210025
0.134098
0.260105
0.322333
0.470448
0.153906
0.368691
0.575096
0.182443
1.53528
0.82468
0.679472
1.07165
0.154795
0.263931
1.17789
1.63094
0.168319
0.532857
0.0652279
0.107796
0.0908686
0.746112
1.06933
0.171679
0.270385
0.342999
0.130448
2.88136
0.355974
1.70651
0.324194
0.0608157
0.466637
0.400771
0.692963
0.925928
0.0838293
0.492128
0.261611
0.0185848
0.344709
0.00470994
0.0201878
0.213945
0.608344
0.682216
0.564224
0.0124496
0.122356
0.121461
0.137742
0.0799771
0.257517
0.00968404
0.0150632
0.480431
0.770678
0.539382
0.249064
0.418759
0.275118
0.100122
0.130193
1.65402
0.367121
0.00937934
0.150679
0.666185
0.232004
0.35259
0.226786
0.00125897
0.221737
1.02861
0.100076
0.312953
0.10151
0.913531
0.0375136
0.0637568
0.826072
0.224657
0.778213
0.13212
0.381179
0.38415
0.368071
0.0149244
0.103961
0.430788
0.409555
0.746983
0.150871
1.47873
0.181765
0.478305
0.458021
1.70059
0.279895
0.363879
0.649526
0.315513
1.66287
0.246598
0.155208
1.46647
1.12248
0.158712
0.626751
0.237455
0.541032
0.29421
0.573079
0.0561011
0.999205
1.02799
0.359267
0.42816
0.0880407
0.439888
0.100506
0.552498
0.399159
0.683451
1.37589
0.192199
0.489232
