0 2.17205e-11 2.17382e-11 -1.76772e-14 4.60394e+10
0.1 2.1666e-11 2.17197e-11 -5.37053e-14 4.61553e+10
0.2 2.15751e-11 2.16643e-11 -8.92094e-14 4.63497e+10
0.3 2.14488e-11 2.15726e-11 -1.23842e-13 4.66227e+10
0.4 2.12883e-11 2.14455e-11 -1.57266e-13 4.69742e+10
0.5 2.10952e-11 2.12843e-11 -1.89153e-13 4.74042e+10
0.6 2.08714e-11 2.10906e-11 -2.19193e-13 4.79124e+10
0.7 2.06192e-11 2.08663e-11 -2.47092e-13 4.84984e+10
0.8 2.03411e-11 2.06137e-11 -2.72578e-13 4.91615e+10
0.9 2.00399e-11 2.03353e-11 -2.95404e-13 4.99005e+10
1 1.97185e-11 2.00338e-11 -3.15346e-13 5.07138e+10
1.1 1.93801e-11 1.97124e-11 -3.32212e-13 5.15992e+10
1.2 1.90282e-11 1.93741e-11 -3.45838e-13 5.25535e+10
1.3 1.86663e-11 1.90224e-11 -3.56092e-13 5.35725e+10
1.4 1.82979e-11 1.86608e-11 -3.62875e-13 5.46511e+10
1.5 1.79267e-11 1.82928e-11 -3.66123e-13 5.57826e+10
1.6 1.75565e-11 1.79223e-11 -3.65806e-13 5.69589e+10
1.7 1.71909e-11 1.75529e-11 -3.61928e-13 5.81702e+10
1.8 1.68337e-11 1.71882e-11 -3.54529e-13 5.94048e+10
1.9 1.64883e-11 1.68319e-11 -3.43682e-13 6.06492e+10
2 1.61582e-11 1.64877e-11 -3.29494e-13 6.18882e+10
2.1 1.58467e-11 1.61588e-11 -3.12104e-13 6.31047e+10
2.2 1.55569e-11 1.58486e-11 -2.91682e-13 6.428e+10
2.3 1.52918e-11 1.55603e-11 -2.68428e-13 6.53944e+10
2.4 1.5054e-11 1.52966e-11 -2.42567e-13 6.64274e+10
2.5 1.48459e-11 1.50602e-11 -2.14352e-13 6.73588e+10
2.6 1.46695e-11 1.48535e-11 -1.84055e-13 6.81687e+10
2.7 1.45266e-11 1.46786e-11 -1.51971e-13 6.88391e+10
2.8 1.44187e-11 1.45372e-11 -1.18411e-13 6.93542e+10
2.9 1.43469e-11 1.44306e-11 -8.36983e-14 6.97014e+10
3 1.43119e-11 1.436e-11 -4.81699e-14 6.98721e+10
3.1 1.4314e-11 1.43261e-11 -1.2169e-14 6.98618e+10
3.2 1.43532e-11 1.43293e-11 2.39562e-14 6.96708e+10
3.3 1.44292e-11 1.43694e-11 5.98563e-14 6.93038e+10
3.4 1.45412e-11 1.4446e-11 9.51837e-14 6.877e+10
3.5 1.46881e-11 1.45585e-11 1.29596e-13 6.80822e+10
3.6 1.48685e-11 1.47057e-11 1.62761e-13 6.72564e+10
3.7 1.50805e-11 1.48861e-11 1.94355e-13 6.63109e+10
3.8 1.5322e-11 1.5098e-11 2.24071e-13 6.52655e+10
3.9 1.55907e-11 1.53391e-11 2.5162e-13 6.41408e+10
4 1.58838e-11 1.56071e-11 2.76734e-13 6.29571e+10
4.1 1.61985e-11 1.58993e-11 2.99167e-13 6.17341e+10
4.2 1.65316e-11 1.62129e-11 3.18699e-13 6.04903e+10
4.3 1.68797e-11 1.65446e-11 3.35137e-13 5.92428e+10
4.4 1.72394e-11 1.68911e-11 3.48321e-13 5.80066e+10
4.5 1.76071e-11 1.7249e-11 3.58118e-13 5.67951e+10
4.6 1.79792e-11 1.76148e-11 3.64432e-13 5.56199e+10
4.7 1.83518e-11 1.79846e-11 3.67198e-13 5.44904e+10
4.8 1.87214e-11 1.8355e-11 3.66387e-13 5.34149e+10
4.9 1.90841e-11 1.87221e-11 3.62004e-13 5.23996e+10
5 1.94364e-11 1.90823e-11 3.5409e-13 5.14499e+10
5.1 1.97747e-11 1.9432e-11 3.42719e-13 5.05697e+10
5.2 2.00957e-11 1.97677e-11 3.28001e-13 4.9762e+10
5.3 2.03961e-11 2.0086e-11 3.10078e-13 4.9029e+10
5.4 2.06729e-11 2.03838e-11 2.89123e-13 4.83725e+10
5.5 2.09234e-11 2.06581e-11 2.65339e-13 4.77934e+10
5.6 2.11451e-11 2.09061e-11 2.38957e-13 4.72924e+10
5.7 2.13356e-11 2.11254e-11 2.10234e-13 4.687e+10
5.8 2.14932e-11 2.13138e-11 1.7945e-13 4.65263e+10
5.9 2.16162e-11 2.14693e-11 1.46906e-13 4.62615e+10
6 2.17035e-11 2.15905e-11 1.12919e-13 4.60756e+10
6.1 2.1754e-11 2.16762e-11 7.782e-14 4.59685e+10
6.2 2.17674e-11 2.17254e-11 4.19534e-14 4.59404e+10
6.3 2.17434e-11 2.17377e-11 5.66926e-15 4.5991e+10
6.4 2.16823e-11 2.1713e-11 -3.06777e-14 4.61206e+10
6.5 2.15847e-11 2.16514e-11 -6.6732e-14 4.63291e+10
6.6 2.14516e-11 2.15537e-11 -1.02141e-13 4.66167e+10
6.7 2.12842e-11 2.14208e-11 -1.36559e-13 4.69832e+10
6.8 2.10843e-11 2.1254e-11 -1.69649e-13 4.74286e+10
6.9 2.08539e-11 2.1055e-11 -2.01088e-13 4.79526e+10
7 2.05952e-11 2.08258e-11 -2.30569e-13 4.8555e+10
7.1 2.03108e-11 2.05686e-11 -2.57803e-13 4.92348e+10
7.2 2.00036e-11 2.02861e-11 -2.82526e-13 4.9991e+10
7.3 1.96766e-11 1.99811e-11 -3.04496e-13 5.08218e+10
7.4 1.93331e-11 1.96566e-11 -3.23499e-13 5.17249e+10
7.5 1.89764e-11 1.93158e-11 -3.3935e-13 5.2697e+10
7.6 1.86103e-11 1.89622e-11 -3.51896e-13 5.37338e+10
7.7 1.82382e-11 1.85992e-11 -3.61014e-13 5.48299e+10
7.8 1.7864e-11 1.82306e-11 -3.66617e-13 5.59785e+10
7.9 1.74914e-11 1.786e-11 -3.68651e-13 5.71711e+10
8 1.7124e-11 1.74911e-11 -3.67096e-13 5.83975e+10
8.1 1.67656e-11 1.71276e-11 -3.6197e-13 5.96458e+10
8.2 1.64198e-11 1.67731e-11 -3.53321e-13 6.09021e+10
8.3 1.609e-11 1.64312e-11 -3.41236e-13 6.21506e+10
8.4 1.57794e-11 1.61052e-11 -3.25832e-13 6.33737e+10
8.5 1.54913e-11 1.57985e-11 -3.07259e-13 6.45525e+10
8.6 1.52284e-11 1.55141e-11 -2.85697e-13 6.56666e+10
8.7 1.49935e-11 1.52549e-11 -2.61357e-13 6.66955e+10
8.8 1.47889e-11 1.50233e-11 -2.34473e-13 6.76184e+10
8.9 1.46166e-11 1.48219e-11 -2.05306e-13 6.84156e+10
9 1.44783e-11 1.46524e-11 -1.74138e-13 6.90689e+10
9.1 1.43755e-11 1.45168e-11 -1.41271e-13 6.95628e+10
9.2 1.43092e-11 1.44162e-11 -1.07022e-13 6.98852e+10
9.3 1.428e-11 1.43518e-11 -7.17225e-14 7.00278e+10
9.4 1.42884e-11 1.43241e-11 -3.57132e-14 6.9987e+10
9.5 1.43341e-11 1.43334e-11 6.57545e-16 6.97638e+10
9.6 1.44167e-11 1.43797e-11 3.7038e-14 6.93638e+10
9.7 1.45356e-11 1.44625e-11 7.3076e-14 6.87968e+10
9.8 1.46893e-11 1.45809e-11 1.08422e-13 6.80767e+10
9.9 1.48765e-11 1.47338e-11 1.42734e-13 6.72201e+10
